ph,Hardness,Solids,Chloramines,Sulfate,Conductivity,Organic_carbon,Trihalomethanes,Turbidity,Potability
6.014319017049866,204.8904554713363,20791.318980747023,7.300211873184757,368.51644134980336,564.3086541722439,10.3797830780847,86.9909704615088,2.9631353806316407,0
3.71608007538699,129.42292051494425,18630.057857970347,6.635245883862,481.0306423059972,592.8853591348523,15.18001311635726,56.32907628451764,4.500656274942408,0
8.099124189298397,224.23625939355776,19909.541732292397,9.275883602694089,345.302920348929,418.6062130644815,16.868636929550973,66.42009251176368,3.0559337496641685,0
6.681878644800976,118.98857909025187,14285.583854224516,7.804173553073094,268.646940746221,389.3755658712614,12.70604896865791,53.92884576751224,3.5950171809576155,0
7.974521648923869,218.69330048866644,18767.65668181348,8.110384501123875,254.22270058386897,364.0982304620487,14.525745697593209,76.48591117965157,4.011718108339787,0
8.67183476352792,150.1749233951362,27331.36196192776,6.838223470687509,299.41578134685847,379.7618348257725,19.370807181232124,76.5099955279583,4.413974182974902,0
7.49623220797336,205.34498215818516,28388.00488673697,5.072557773840631,129.00000000000003,444.6453523327066,13.228311099224529,70.30021264692436,4.777382337225378,0
7.051785800016845,211.04940606054575,30980.600786788866,10.094796011661426,129.00000000000003,315.1412672443021,20.39702184072246,56.65160378979331,4.268428857506186,0
8.975464347533963,279.3571667700924,19460.398131232112,6.204320858892474,373.73728391407616,431.44398999034894,12.88875905430399,63.82123709666397,2.4360855903052734,0
0.0,227.435048351156,22305.56741374141,10.33391788821868,147.17554977324681,554.8200864605433,16.33169328269446,45.38281517787093,4.13342264357917,0
7.001957347358902,215.97785868806776,17107.224225827616,5.607060453087125,326.943977743867,436.2561939726492,14.189062206123708,59.85547582615388,5.459250956028731,0
3.902475685915096,196.9032467083208,21167.50009896877,6.996311586298768,477.04586198718494,444.478882506898,16.609033155789916,90.1816758847452,4.528522696326911,0
7.970158822017365,145.76818060217258,13224.935638976958,7.906444720606137,304.0019927974152,298.99066649993244,12.729524720542258,49.536848802021865,4.004871127571583,0
0.0,266.4210180681174,26362.965012309312,7.700063469729127,395.3894903418456,364.48010670373776,10.34895075743782,53.00838135392041,3.9915642477993063,0
5.065465921320321,148.15306144508662,15193.41347396722,9.04683270725723,307.01179262256534,563.8047433250861,16.56865556799744,52.67618503420983,6.0381849531835865,0
9.82548990813439,190.7566182870043,19677.892465552013,6.757540731413941,481.0306423059972,452.8362348772383,16.8990378000164,47.08197118577765,2.857472426051184,0
3.247861303777771,232.2804520235321,14787.206264858174,5.474914831733126,378.47590771195496,383.9817230247576,12.16693714505169,86.08072748444091,5.029166724080735,0
5.618064405909149,304.23591211231667,17281.97516841161,6.101083505101921,187.65608578738207,399.47156628109417,12.2650015775136,81.58899245649904,2.8965469413044738,0
13.999999999999998,143.45373131192335,19942.27321818484,5.89075458310612,186.31028612088872,427.1306714819022,22.46989198835695,53.12409421895881,2.90756391519334,0
6.351456485036882,233.8589956912124,11703.923907047854,4.599387943421727,309.03932035276006,349.3996325323045,18.33889254980602,42.67746528271937,3.510004044590529,0
4.758439424671477,183.3494541059977,21568.428779035887,4.731348984614181,481.0306423059972,403.9441682092025,18.66822945752125,66.91240003430596,4.542801461749175,0
5.702925976824722,216.8504738726152,35606.44017680798,7.1843510891688,151.82930030916827,504.63826042575033,16.140790019197993,77.53618351780308,4.137739016206605,0
4.228097269583718,129.89057234567383,34415.853145873094,6.321928990361139,304.5352242338838,470.3291685421987,18.59940992382127,72.40363386888095,4.40558600033858,0
6.624007126409763,168.38843077429533,27492.30730658781,7.046224797696413,299.8204779108216,383.7950199903258,16.18206649367437,75.72943388991457,3.048057223106976,0
7.484254837727466,260.09217257337195,30616.615148853696,9.379133540507624,456.17474325778954,404.6707773281626,15.934483871207078,66.6210265451665,4.781188176562564,0
9.82297037503136,157.80119355420416,16963.625011737488,8.335618549876713,300.04423428111204,360.99599448807487,12.823860949370784,71.7170050975215,4.405385705659032,0
6.264497277857239,155.05572682593436,20557.240431752216,8.187319049670325,360.29156033730095,290.18098311050545,16.622255183892094,59.622057462107946,4.089907689677867,0
6.964674330138958,229.48569367886049,35729.692708630326,8.810843045016396,384.9437789484208,296.3975472430137,16.92709217980689,94.53381256709459,3.8556022119167,0
8.692092012708041,195.1437387840549,24656.23967944457,8.23190033837729,129.00000000000003,398.3454180035162,12.380770792752344,48.440724865546855,4.477960248233931,0
8.085759800882219,127.73967382937272,32653.910360267582,6.534237410114922,143.16451426204696,416.2396300704016,11.119659254793705,78.27505003771154,4.068688909481666,0
6.203977702278348,212.30661828668616,21815.07414790552,7.873991884545469,134.37153853753742,362.10800431396245,14.9330126610987,63.87381994728531,5.215689206119035,0
11.637177659989554,103.46475866009456,27420.16742458204,8.417305032089528,383.3069541443823,485.97450045781375,11.351132730708514,67.8699636759021,4.620793451653219,0
13.999999999999998,211.20052600889707,12830.484133775428,4.502117033961811,326.9615175657507,333.3298479586677,16.04514847686687,49.89840563542835,3.4397400415499195,0
8.679934969964185,242.22866728551904,22984.05095148243,7.518764659399904,129.00000000000003,352.94258812349034,18.70440905927489,69.90790244915216,3.873470298448302,0
4.920875581737471,219.30091421337028,14859.46642428366,5.598326765629258,344.4423936728914,425.2135748076129,15.771834366058272,49.35200147780444,4.655916598688822,0
6.897322141100197,211.36016672106155,25650.777643120266,6.766009906754591,129.00000000000003,383.0143101678532,13.93478804138067,90.52332986300934,5.022783630004574,0
1.844538366498842,233.7643427207269,28689.59577768293,7.724432299963912,355.01228997762047,410.3872638377081,15.611859296305228,54.29944409418921,5.013463351103733,0
5.519125656437607,168.72858303956718,12531.60192106475,7.73072294792503,358.9864289083836,443.5703720974922,18.099078103861583,94.44100339814543,3.758995860323916,0
6.209642259708484,195.41772094898116,13116.707711787025,7.879347670859675,129.00000000000003,417.2416560263488,7.507662314515301,70.54738690612056,3.6125196149467143,0
13.999999999999998,197.9797828412593,17153.306163452093,7.659203939381076,329.2803146030727,575.1146944234249,11.870981482343325,69.10983568283255,4.383921813522324,0
0.0,199.1078855640336,29721.91163035013,6.869690215355936,357.30322096748097,420.70959122207296,9.226618665284832,55.29428326667228,3.355164642176155,0
6.099646705468387,237.9199267632531,20416.84099619073,8.457830699274377,186.1661668119479,291.1048365690676,19.27005426046378,93.13800948154017,3.172789769152877,0
7.348844511550613,223.26493973020737,11519.046527356591,8.889558679820604,129.00000000000003,494.1584340869637,18.145374253777163,73.71552201680902,4.880875156180851,0
13.999999999999998,169.04191749811758,36152.8208993245,8.330388898197661,329.03971017616493,590.7487871802913,17.695114357126045,103.15046264537835,3.995973787492761,0
2.612035914817261,188.80412573040883,34798.25258680311,6.79643915408815,129.00000000000003,468.0802666084355,13.1707632092033,49.523769983067695,4.765205370159007,0
13.999999999999998,213.54193229259064,22539.71161451215,6.957204178586864,334.0411862066902,463.39884709083714,11.623019157977636,69.61584964492826,3.3985925873166565,0
9.286155021432371,222.6615513815935,12311.268365978076,7.289866041052649,332.2393594928603,353.74009999706425,14.171762565335484,74.97077758340096,5.239981870081682,0
6.745306715080959,218.4246370192336,21871.838700042492,7.165509192468924,129.00000000000003,373.05010163921327,16.826619464762302,74.08607997264363,3.9023525898765015,0
5.54639057626291,190.42389854156607,28062.64189204036,9.615147026994794,357.2267094963161,263.7719135045372,13.44522519676093,67.05555840299215,5.6290156360573285,0
7.397413298543417,122.54103985982503,8855.114121331366,6.888688939098406,241.60753233585075,489.8516004048256,13.365906195266293,124.0,3.149157510432673,0
7.812804388310308,196.58388603095685,42550.841815771775,7.334647639669251,129.00000000000003,442.5457745482448,14.666917242315606,59.81481379889555,6.204846358828904,0
13.999999999999998,146.9702452251051,16367.45837197548,7.687037185889347,308.04918476491787,468.9450147502269,18.60138073373639,49.56196889416349,4.664350321001553,0
13.999999999999998,230.80948246855667,27418.781044480063,7.136498391730543,369.3100077981302,274.66059655361465,9.578584600170416,72.37690878332559,4.197595209206819,0
7.521051678672175,267.05964744893066,26865.37374090525,10.449450309656791,239.23357931221227,505.70937170147926,16.237745770905633,57.03778017043311,2.8807853472938367,0
1.9530066689761953,252.67046903410036,29368.67418405221,9.90614662722374,433.9522119479901,465.2166206201478,13.221033634237417,84.19860653327541,5.052736766116998,0
11.180694664461903,228.3008603612537,16600.392746647067,6.094000530523799,390.38810472176795,504.0505391333054,15.035046907486446,110.73929934431216,3.8098416540991424,0
8.594416135206476,270.0227058523104,15791.675351127244,5.91269062429658,481.0306423059972,672.5569992377071,20.18405147231266,54.96128525342952,3.568991707976406,0
3.99413258914443,167.38612732636108,20944.620814413163,4.963124049313229,481.0306423059972,566.3392939723461,11.31880659612483,69.6578689282851,3.679795034755029,0
0.2538234399806101,157.00128743205116,20067.105328107053,8.071051028920468,447.91562653280545,490.9097122372677,17.32294642996243,71.96926138101614,4.417559791016322,0
5.187471605436375,104.75242498882724,20060.07872720117,6.913910913807519,295.7109714499335,368.815428587841,15.14034848778016,98.65664588216384,3.2032578962619933,0
7.948815718151566,238.2364096995999,19129.45836544024,5.851964962404888,234.6428574315313,434.655458610077,8.663293700705424,67.30404028450397,3.692250861269816,0
2.812554749882687,281.2686670205161,22452.090807860677,6.773698985660693,343.635821280367,395.3417752928905,14.903080469555846,67.12516777793415,4.444350199227698,0
7.261299065923723,190.77945990455603,12224.310506438514,4.646211052742901,308.56488629958307,399.2713589317788,11.876796669068938,61.88663598802028,3.4631725477162503,0
8.46133087400179,212.58136638921465,34406.77644574729,8.679151555836665,384.85538150301073,477.343368601036,13.801712181380369,124.0,3.771944146409479,0
1.6414817608577987,247.66157328612303,19549.499341288283,8.769670289862692,481.0306423059972,438.8657751120628,16.624653615400177,64.94900818458937,3.777737413505429,0
7.5943309324952075,202.2548327878382,11981.740191012996,9.189106138402456,339.9839345788829,416.5889057529136,14.079228347598589,62.76552953456744,2.6789107131905774,0
2.4901160129532167,170.09923566929564,39906.19027101487,6.554996212799919,345.72743706218716,515.3867420113489,13.51607812989613,40.51417236263919,4.35323858897122,0
12.469241081504771,205.50945715452,20406.92767150048,6.810069234906923,355.2659228857551,482.3300548094984,12.33777643382166,70.58060722926848,4.1025294815021445,0
13.999999999999998,233.85034500527053,21136.286764159297,6.689877624940245,366.4930108834891,332.73758653626567,9.745282008835602,77.52994450694155,3.310858508001268,0
6.360061785239379,237.677383112304,26009.07525933065,7.074531320872402,372.6002964294522,344.76792440431177,14.44223828109807,72.69624048876342,3.7066017915406855,0
9.489972878325856,234.06996516164725,15513.740377963157,4.735332223870278,443.3588800260931,277.97006973151883,16.69821636919886,81.42717401723866,4.219967522355668,0
11.787973047360135,260.205359611888,19517.724799117623,8.764168678117553,368.82103684917774,251.02089870586465,12.804588146581295,48.65189042828215,3.6655217644695215,0
9.534021716164196,201.9552080399875,9472.614920464734,6.1057084885387765,319.5764201936523,259.63680306558183,15.62561667366299,93.01126477335993,2.7682389284849696,0
8.661592429959121,284.09835153725896,27088.476460253085,7.897856522244711,481.0306423059972,512.2773100578781,16.912141580117748,72.46576277365818,3.6704310100631887,0
7.593127650277594,261.56617263863296,18371.057201088257,6.297542535705276,129.00000000000003,387.6295722843679,16.57598077121662,51.83094808424367,3.377337638120141,0
6.655605025818962,216.44117153408857,20571.845708443558,8.984236816261834,217.10459987200318,336.83145481608153,17.745996131265372,71.70430486446324,2.9516447152886705,0
5.590614435866259,229.192139486151,35370.73551522427,7.989640669861106,222.26682275885497,469.4130903674347,13.28155614650234,76.99271580441926,4.726845016869534,0
5.554436511156818,229.1228285838824,31344.460394369864,7.761431064306929,329.08228731718344,306.872525988099,13.974800466925783,87.27337543049836,2.0959140868029458,0
13.999999999999998,229.77134953009045,16162.26230660764,4.933662227016633,198.77374906879626,448.8460363895051,8.81648689936901,53.173344697831105,4.600927568902867,0
6.284248242254425,190.0176485856823,12206.681209872297,7.910711202319294,481.0306423059972,395.2610633920007,13.2461395604044,58.92772621042984,3.377132288772658,0
11.26782838471403,161.89636216322413,6040.369868025334,7.205414119605922,384.3342563729395,316.5358711402264,11.768309354922849,25.525266931847863,4.153347001241887,0
9.298018008096014,163.0388345752384,13990.513403071998,4.249701619995494,233.4750325546266,399.4773578191071,15.36588356376228,83.92316814673859,3.6813242439844016,0
6.074717213194846,220.81370245025343,21410.31962366429,6.324879788817687,335.8458627247201,382.1978390094081,9.500295528973766,86.99013440229453,3.659974811789956,0
7.533614822992929,186.9182450854363,11642.727540809405,5.890684293730958,129.00000000000003,363.50634426122485,10.740145902620725,49.57430829984224,3.462763987423452,0
4.07760772456597,207.83804788598505,18194.95413992543,7.923973951449605,342.96176156874037,288.3651930524628,13.306692030386785,35.82455649309712,2.758658531189276,0
13.999999999999998,105.85926357195498,37928.14217716675,5.609440345508508,460.63465615407284,358.88876761151056,12.207108489369546,71.11989017420973,3.873853349593973,0
6.271012171064563,213.44468499464287,24846.141872428983,8.372997048507226,335.7970093646336,543.3917435559852,17.9165263662577,84.57886850787546,5.303581360575867,0
8.441329287565942,192.447171018824,18257.569271194705,7.472249065980871,313.7765457896923,462.40244905277575,13.932145376259996,53.18591655036131,4.358298340908286,0
6.938010026702342,133.81311481316772,18272.50597305346,5.911870511633376,214.53793195643226,415.2117345959389,11.50450612179486,92.97576168033008,3.313199021657446,0
6.419772473512519,208.76024762661592,30759.681440190925,7.767863486950716,347.8029359215022,523.6001755961903,20.23252347966354,68.44335188678085,3.095233156816077,0
5.779673705175217,199.586080284079,24160.35432097404,9.458128323622883,278.4395973711416,428.5532485327095,16.022503226193976,64.87270339736011,4.656377232957477,0
6.93781878337901,177.57814191742156,12626.197921957626,7.380882984336822,330.18360869783334,439.6249979688188,9.34825215511188,83.16324170039894,3.724089564346497,0
9.436637164251444,143.7884118270435,20724.930359306745,7.700100188125377,166.42994477398963,469.7613276654225,14.215764667502071,66.07797803536592,4.411117439774963,0
4.877270079470925,217.36974600866083,17984.327439446446,8.59416288489055,281.13834420475723,409.2207764785376,10.213779294934625,18.400012185523245,3.605154198874472,0
4.7053564957747,103.17358697810718,19555.76505156686,6.7672979897863685,323.1769833896401,370.1781663846243,9.182833651795818,93.90048587365656,3.437450134017187,0
8.896418988301798,222.25629288902,8870.902965942287,6.011342433002107,332.0026304057902,425.2268617079815,10.84773684727412,96.19167727651481,3.700945732714745,0
8.267210314587427,169.9748489570146,23403.63730437139,8.519729851090208,218.13006405930486,475.5735624274493,12.924106818027212,50.86191298403442,2.7473129992921272,1
5.934279093094346,223.8581252130612,23249.653834296078,4.602849947565755,129.00000000000003,277.3845373236033,11.366863419384686,66.62394365100316,5.217895023653352,1
13.175401724233025,47.432,19237.949676491447,8.907019729031202,375.1473147568442,500.2459518438111,12.083895646926578,1.6614094885593773,4.106924490038661,1
5.626339528125955,230.8579827708692,14442.41887543212,5.210368684159841,404.2147375445759,346.553206388495,11.368702444786322,43.19518162723674,1.94331877663582,1
3.8212029507416414,156.52063479849775,16146.15711220508,6.629599183312762,352.35343088747163,629.2812475471133,13.50768846415275,42.34016996385956,3.772919264661592,1
5.334183579602803,224.78793617826972,28897.491527401453,6.048524614023226,285.7650606108631,360.1791772943006,12.24734355826115,67.15475112774594,5.091357101284415,1
6.9417194379777,173.33438935151418,20111.82125592225,6.697194091092364,129.00000000000003,374.4853324156397,19.93748613178775,124.0,4.563183171238155,1
3.882631081313793,243.80794967931612,7751.809491098833,0.5303512946996154,158.10903840501751,341.2911163126418,12.990591990739858,60.10996798389266,3.734001386870361,1
5.671773833095615,216.0428111329883,15949.153179175562,7.500573232707446,129.00000000000003,372.5352427667598,17.895723720642764,77.45788496183523,3.833159745782932,1
10.003300539211928,143.09428542421367,46113.957485317245,12.912186637308174,305.67386482641984,574.555041307426,16.9633097764721,36.76767070116618,4.746381859076648,1
6.193170101205059,225.68342182130323,12883.726495777477,4.73936011678666,197.34992505688848,389.4059776465183,14.560135796918814,76.45781594495153,3.466645288112605,1
6.139493740895693,236.67402586960628,8081.466471091589,6.2508080744554935,129.00000000000003,416.2388205815028,12.777013988544866,106.03722245634468,3.260906852708671,1
13.017884292670047,191.28521756431437,21948.325362337488,5.626787290346799,355.4887658439758,509.4068215195966,16.691470568748002,84.10773756388434,4.109590274369244,1
5.418503763025523,187.7768087099991,35902.715683707924,4.357087861232644,129.00000000000003,454.5202956154764,6.374070260129599,103.37300526956228,4.506539591260472,1
9.480942603143214,225.28770395196483,22511.692615177697,7.057577879965413,377.1289704427131,291.35370138829103,11.590025108635132,72.50852290108448,4.08170139800861,1
3.9076708936337234,181.6891637214258,27776.180257279146,7.589868762328599,298.2267188011107,417.63120188596497,8.630090797509979,72.92328887809563,3.8079200615963935,1
8.92398060773871,135.93846747362704,27919.77066575312,12.36328482531005,129.00000000000003,415.6294837691602,11.94991382091655,69.31487957880282,4.155583189522957,1
6.428866313188399,225.6130938321488,15596.473334459632,6.153472446645003,354.8874982019754,466.0443992231766,18.015385498960768,87.16363084743989,4.184783371809045,1
6.960603501688507,201.7154524876896,11348.675997363987,4.297889825381638,299.3869622072562,468.5913884755252,10.4905886425434,89.68619626951585,4.978820187753845,1
5.873675845828995,203.32992815183525,19216.683090171675,9.212778721662858,315.46859498919144,420.2912300584642,11.119273780546678,65.22955120232609,5.412090884919163,1
10.130138241461571,273.2556208042687,44506.44156075687,8.4126881311681,233.79258796565057,485.6472318592992,14.705013533659496,52.1642359382284,4.12478067750866,1
13.216333549133644,161.8264761362667,29299.1233527876,7.028796693518548,350.4309402970908,375.7807163877633,19.762576497699683,86.69845684819254,3.4975773906550995,1
8.062805643024472,200.49311204567687,11567.8878401924,9.889949954589298,481.0306423059972,510.4144025284186,10.650935473654044,40.99280881476402,4.471842000471335,1
6.593764313289441,233.51413245216145,25589.610591845038,9.785695834102263,449.432039139661,489.703443882214,14.38960913374956,46.46398160958874,2.346578095251962,1
13.999999999999998,144.81526395966532,14507.01780785626,5.819091706675172,353.6072754142723,290.8894717850768,8.942072173645727,67.58734608240604,5.922581691937248,1
4.642953052237968,307.70602408798766,16115.929863948231,7.707342332983643,209.0302807717785,439.9444080994625,18.44079002531879,60.14584225957783,3.982867293106576,1
7.443189014292676,193.12479889284373,13551.953344708114,4.313264845761401,337.93888966800665,430.4872957139327,19.396329452342684,72.07558550537075,2.6648327961143745,1
3.657123132566738,275.76714183651194,23736.816258284023,9.100772079375536,470.1193528490209,426.23112913175015,17.985956556757742,55.69489291114778,3.3146297303616934,1
6.7370040722130575,220.10010235916036,24694.744205217467,8.37365987599885,129.00000000000003,384.3086730249028,6.7480919380226965,8.175876384274268,4.063170288841773,1
13.999999999999998,163.22446629720451,18570.285339002497,8.109345860796047,296.1902616244719,463.74171616547545,16.90014797748978,61.349831919856896,4.135745328854322,1
8.524253263274954,250.7053938970432,27355.934306484523,6.482037973776359,377.3580484216207,559.8178471445009,13.653959868238871,77.91771953541937,2.9691360985959387,1
5.583832998476663,261.23382530839666,35278.6817427457,6.594616790228106,279.32512833430826,278.63903868062306,13.565387383549648,83.27489472218602,3.870156920624293,1
7.952929115572246,221.3698538449429,18621.424922740112,6.87941838808556,129.00000000000003,309.2546197357952,19.056984917706245,72.68935432469671,5.260014766135651,1
4.320690208349266,181.2105098732083,30280.788593026075,10.38254659052252,256.6300681797868,487.9972616274739,11.346301748517533,68.84386557220719,3.7795544920225694,1
8.716820333772386,153.9800344608404,11734.448856789284,7.123611322699021,481.0306423059972,447.0280768382274,12.736044254919989,39.92752082303626,3.2051287672092674,1
6.016889135653399,221.1473077918809,16656.062671606713,5.2016877576618334,132.0142118294564,383.20777481327895,22.517870469892785,81.6262321540199,4.422269232921709,1
3.551579176967154,323.124,38969.38899204324,8.925515312294525,182.23931344215652,514.7629184568123,10.160302764453265,71.09999884197954,3.965993969608624,1
2.798549098862777,311.38395647301763,26931.243483430997,7.116897432866793,275.27933027026637,521.140523649194,14.235154202578428,42.080353265271896,3.6632522218404526,1
7.748654706492547,239.78827775070775,29331.23663290317,10.713096621882292,217.0006070682694,441.5295472549179,16.389383901690678,124.0,2.51181049287789,1
5.374222584708865,201.33144005132263,19410.233762899243,3.239580330769817,384.5628382049877,350.1780398146996,13.451088780656278,26.318750295585176,3.642778438412919,1
4.99353073414005,242.6205031372363,13900.779270942352,6.467744129004743,339.89859422512257,429.827818905013,17.274662564433015,61.245788356783336,3.153809336970371,1
4.037287739350788,291.4618973983503,52318.91729758968,7.779459314488093,481.0306423059972,401.2042709521434,16.542921333834613,87.81480025951095,3.045048569942414,1
6.77977396685122,153.88630925684464,24415.07056444557,7.322671668758123,273.460750393488,459.87654964973336,14.78229043477404,93.9147017901516,2.729104523430528,1
6.952511673596021,211.69729744028268,33737.28852434523,6.3008707021111,154.45522299417104,395.40700382157,14.182396069373056,39.80290706509231,4.105495485312567,1
8.027247869950068,193.3524163571854,7714.746969262334,6.087237734755403,308.80963642754693,440.9389779950403,22.50467943991441,62.00704373230644,3.480640836854313,1
8.882684452292407,135.52306243902953,4857.253806702753,5.209778932956265,481.0306423059972,532.3366593006464,20.29627438558896,20.337752642440933,3.8279208670614113,1
13.999999999999998,131.54774425866867,21626.497594539996,7.207846353642049,481.0306423059972,390.9550329818341,14.84495477882956,26.505484036158983,4.72812398548281,1
4.912557262009445,308.2538329449222,44063.09841662765,7.9279769445687425,280.9336642514092,327.4756503972149,14.857981085483177,124.0,4.897372508450066,1
7.813017014132136,193.5034147799037,42268.33429600594,9.005942788081622,258.392682912011,384.68487540523466,9.08527855506486,75.43963292505106,3.6017354805033044,1
5.830505843403992,143.30020028246173,16263.167465418488,6.2297365643921605,394.78836538659493,503.6640851385242,19.5854965798938,96.89107457315563,3.4517400465867496,1
5.477912294546052,211.39884388167337,27361.659066176733,5.810456913118141,340.62380552585284,358.0441300229246,16.629384442216065,91.84319402913322,3.774256121104987,1
7.37859701625866,175.98244710908247,9460.32263533989,5.941011848136729,210.38866359095024,402.0199448838444,15.639454764394031,37.389451619343575,3.215219463201259,1
6.775582812405084,218.4149289477376,17968.882775028047,8.254114831284221,129.00000000000003,358.71767685985,10.520161452206253,57.24411099086844,4.333636278302867,1
13.999999999999998,242.9094363065688,9654.733680734054,6.2539803924667305,359.6658351668334,588.5667126539669,15.197014622333654,62.82285017610192,5.6522221130790165,1
0.7551455885156386,281.58216230439865,21707.492257748752,5.037261233655401,348.23971946864805,347.95749852783496,15.370097583998188,85.92035020298319,4.003819011511167,1
7.745499128179053,168.35562378013276,14336.627521273336,5.2643100454838105,344.2949955762129,421.4853341069264,7.496410135603583,67.62476659718729,4.043334781475608,1
8.596391179552715,189.52316077036443,14518.974500689232,5.124129421964379,422.9904130190936,348.0414888599463,17.358071468102764,24.176410547568302,3.519884366217547,1
13.999999999999998,286.2017632826901,46931.8842927942,7.440023939584451,262.52645596294246,557.4218785213974,14.471650327428849,74.04385963226025,4.120931424045978,1
4.543910614685881,185.75572785563844,27345.17428802764,8.932763593498796,396.3614738912594,313.87877126741535,13.420126082226544,56.97484976379481,4.407566169075395,0
4.0350084607209045,185.8467966778486,14971.949025291871,6.66634287546027,346.48618873704487,418.45359071383103,18.68421531211061,67.71245963073115,5.110414148991792,0
5.381407519092974,175.57430659625325,15371.999944017469,7.457245263944493,312.35493798274183,308.7297975143604,12.178940439069152,100.62247859081876,4.364066934823452,0
9.52590929324185,212.7316900178758,37030.70811993558,5.040319510799422,351.0644583570087,535.3023514515182,15.895048200539575,33.370712678505186,4.825792283459244,0
6.096179889884819,174.87162930711008,16314.23337543478,8.063020678594038,332.0337494543082,435.7837749934654,10.658878247311408,62.08358883537714,5.142471131650314,0
7.868147086463669,199.0359730490921,20434.105735193974,6.210993673823739,337.9160907650076,549.4149828010675,16.50157842370851,75.54813593341852,4.315898406460025,0
5.977238943218081,186.8730136696725,26004.528876604727,8.493528783857071,320.6934845979114,534.1302716281098,19.89002532465992,54.37395592223601,5.14411422012617,0
6.529304448100373,210.0040334970035,28970.08760585726,4.250150948976286,254.77336223278272,422.8175562407171,7.091298157253846,83.69015566689606,3.361088406841675,0
5.152203721876962,207.29925980734384,27000.10687986532,6.691806011874911,278.69291062455704,350.0049778577277,12.490509286657584,49.852964558844384,4.689842817950895,0
7.704410252313842,234.63595110392544,22057.379164921556,8.12440319025818,129.00000000000003,397.3996597568738,14.897563160881305,50.92043606069325,3.0313643685904275,0
10.46450247726032,190.99484831095265,6700.775053800422,6.879857695471123,198.96679665334563,498.9319114036196,14.562161354772456,66.70162142674418,4.956358408285043,0
4.412687872719605,139.3311517595722,2912.2112468274267,10.338233980802318,343.31802082745713,532.885196073215,11.078341219067111,42.17282405365111,4.093097748782288,0
6.256651147926919,181.0723072514765,16905.80152440072,11.586151077767036,293.59045615637706,481.3070515511981,10.639743418752232,74.55724055984957,4.181050752789532,0
8.926113143092786,189.9879470494756,15249.620244390508,7.07622168565009,341.52687340850866,361.9016284039647,21.278094527630746,47.256204709993966,2.752134121425607,0
13.999999999999998,199.91801362570047,15335.511432930904,8.092377054691525,303.3271816401638,399.6054464673591,11.821736280989512,58.22229339817834,4.482459763675931,0
4.197583589415031,189.47367665563823,31292.12770367485,7.105204272353481,183.53734374402194,370.7714128060414,11.986401814687156,50.3228304212554,5.206480177207682,0
6.330732765446402,166.73800899675925,18397.199408096025,8.076426482257103,230.3206660973032,436.9917521078011,12.905188648425336,67.64855612214467,3.9400004233930663,0
7.1672858780831366,181.29612506605463,23433.90177406979,7.729588419260772,481.0306423059972,329.740861722908,12.275713323952402,38.75679771996282,5.128346524187511,0
7.76414261000218,186.13243188501772,25926.075642581047,8.011206635842331,338.88113834053746,399.13171794893873,22.84652910661083,35.24367838874416,4.105178268056135,0
5.6792341150880805,188.18869614919663,35643.18120775992,8.882653709374503,322.1693829985104,256.3025585111134,15.000259839191983,72.85305431694346,2.3395727358561844,0
7.417570368300503,193.7718783685728,23207.092841191657,7.472115295676342,255.97285159082185,496.1051876371823,15.744352939882049,73.18747547241344,4.671557881112399,0
7.865094970430806,210.0392942912845,14310.62330102154,6.612899591983341,329.107416642658,403.36059590961617,12.87934114747378,74.13478782022871,4.795025554920153,0
8.57012912066282,200.07187478771368,9782.344284281313,5.661696966941969,418.10517947407476,511.16151114197817,11.856089044896237,66.04841335142315,4.60440456098565,0
12.326846037393524,169.18873565554355,18408.29497139389,5.131839261435882,342.9376748915926,350.89436180397325,19.334232111601352,86.67732848500506,6.739,0
9.241197563363231,223.6913502466324,21610.58129692349,4.1161831359475975,152.3837619718825,480.01305630402186,12.72542757579555,65.55070439357391,5.265728857736182,0
5.50444987244854,162.62628692579722,21318.96168510506,7.575278808242918,289.20840765703315,457.8115556229912,7.477315032605759,60.238477842541286,4.514981623747227,0
7.605978830252509,172.19813608401975,10930.055670692473,8.432638578614592,130.62460472478858,400.7061608231096,12.560446199517571,51.64377993383599,3.242849929074104,0
7.78308028531195,196.2488574393,17909.365782253528,3.672270532953143,451.5667644923113,417.2873151070302,14.557068395130727,57.734652478816095,3.888235227107233,0
5.367546490440581,175.43281939477444,29009.01082101329,6.4814437212865865,382.7314662589778,463.4784249372301,19.37023363140878,67.2862078045105,4.267189590792987,0
0.0,218.302176410988,42061.322799299975,6.331177450734106,324.541596304084,503.1392454736291,15.712138692949338,48.497825625990735,4.328026356733113,0
7.121458434633312,204.16413945503436,20574.36425799319,7.089146215051552,375.0923764054245,353.927593178135,16.48815636805159,57.02278309273484,3.7746005260862687,0
7.457164758414311,263.03670448344104,31085.08343340377,1.6839925807280034,481.0306423059972,584.604353693162,11.809444002627572,45.50136205249078,4.106543051529011,0
5.272227560197716,206.3131847013754,42210.88523695676,8.84971666468826,436.7402679177903,410.6485371885456,11.92799852904733,46.54036847135235,5.068556188550558,0
7.803833220697706,223.68811085598787,37376.79298893104,6.664969394719985,314.7065768946876,343.76401307822925,16.69740839569556,74.78243416450114,2.9073872665012983,0
6.844350911056747,197.4604694131885,23608.862238919857,8.396404625630883,481.0306423059972,526.425914653086,10.878096260626023,62.03714341178984,2.877062813201912,0
3.1364603493190115,208.1774639841316,17264.84091667297,3.2961573212193027,387.0708235323745,631.3042162562696,8.404570008845326,68.30059035091011,3.912148350676072,0
4.552238410542729,197.07693399272284,25969.215119535213,8.86542199854777,280.7285651116995,461.8362776268778,12.853404785059864,69.33505683567324,3.932804333605565,0
5.568878037464018,203.5059211759689,21417.593614505757,6.072637611383181,319.52268898784206,348.52732144162457,12.612966179536896,68.64254525846297,4.613578721749679,0
6.8983413301771686,187.4153063759097,19024.485531279348,6.915070211677024,248.31489502850252,428.7869759303989,12.580161514967472,44.38021004782545,5.371284155719341,0
9.606858896121905,200.84214281296323,18907.64284070545,7.515087432922579,129.00000000000003,370.90380699559375,11.35873535087552,64.37118274146239,4.405351951779622,0
9.947655089654646,204.92382857417016,12556.754046730206,5.789007614179607,359.9517664025286,610.7675763191837,16.01264273850302,52.44232578694015,3.2577441805128595,0
3.841205038045167,186.917765461785,19988.649261869065,7.174952251824625,129.00000000000003,483.3342093477697,13.422801757550758,74.38170140421502,3.635634542700212,0
9.895889212950532,210.6540406601748,13189.519382976216,4.945127887596356,481.0306423059972,481.1367926215352,11.763452965982196,49.85192786633325,3.8134286591434106,0
4.319440672587684,186.0561785752214,30565.57839108449,9.811168421989796,276.83393195522325,282.6874021207624,13.448689001288528,0.7379999999999995,3.2419721011866467,0
6.485294305939904,179.14928738536975,4784.967879427389,5.702186724421372,378.3982184516093,517.4961422095046,14.387223683725496,68.68702415453943,2.3800842267127287,0
6.916805557887488,164.37843332923484,15908.561870396212,11.208688337573191,405.240982064441,360.81429637880143,17.239577381047184,60.1791185610558,4.380978304316724,0
10.743222155287004,190.04666091836293,18327.43842889818,7.898764860226295,354.41924852350013,445.9284558380588,12.90221290267914,63.456620287148816,4.543581169567961,0
7.220165553446549,204.76839051852625,15658.08627988846,3.842731892141713,147.83886339305343,407.37504650965445,15.150581553969744,64.98911646521343,4.398685036000153,0
8.790851188948057,187.439812193716,7850.641892342055,6.359942192675839,260.23078574280896,384.9207710120818,16.72237608651352,77.90267257287411,3.4802717553207825,0
5.41774162092733,198.23440827751952,26486.18143996345,6.472958397268817,226.37176809415263,472.6937251298784,11.03223998772154,63.72979505876907,4.148611317085472,0
0.0,219.0133284186671,29433.42378398534,9.384055553525284,302.7673474825417,426.43072016026,17.307475824940866,70.06030294120421,5.776611019642239,0
6.145242939675406,213.17558876856128,20417.264415925085,6.243743092872937,311.59225439955895,435.3765288146327,23.514773774165235,81.29913319887703,4.090939919526503,0
7.091885816966667,221.1914756490023,29091.20710074859,5.13496039732876,380.61336977884326,515.0599861297902,19.57827270550564,62.62732956400823,5.116406584527922,0
12.378527736862843,209.7660217489298,27382.769331033367,7.432312245692435,323.95563167310263,301.20288534011263,13.970732378711034,62.7385941138006,4.103438960001448,0
9.011588753600265,228.91951919276175,25208.151842324634,6.767010377914622,234.7544893382442,380.14520478709386,15.518322502076614,54.72081240839776,2.897292531479614,0
7.466213132452259,223.1841807896539,18261.69494170539,5.206596780797096,205.86898990664997,456.2621505929234,14.023547215332655,99.13033595633053,2.081845656839957,0
7.785106673059819,174.88936090224752,13404.25433236888,7.517805732687179,325.05540415618015,491.4317215284837,13.82554783351452,75.05942632608333,4.904613043963691,0
7.138586781331626,180.9037778123287,9727.653170396705,5.706428619635071,481.0306423059972,399.9548333631674,15.952392797162702,67.70284899221899,3.272429761063929,0
7.157337864026239,214.01010106562407,23718.55201117202,3.9243668930579383,343.764376878261,506.89965696293496,15.446048987220363,124.0,5.183622114589742,0
4.1896214972355725,220.97604896937304,11562.435509561536,6.033392288744586,359.1869011960677,406.4663850226815,14.14931749164407,59.37321782034496,4.589161805096586,0
6.760790523068997,192.1426205034141,19089.94855741646,4.364521410095469,345.0188971500478,457.5548271822209,13.272525976818486,0.7379999999999995,4.905490433324554,0
11.276010772164407,180.89303572718228,17705.608615915477,6.223312180106221,350.1952531204174,447.93712304214415,10.461024655155256,32.074863481955944,3.9991254999566994,0
10.059642098512771,175.87582782814636,5232.913253564904,9.674174823427954,236.95415881202902,477.9837556664739,16.47052774185039,62.60455113782194,3.81878876006795,0
6.096128347500615,200.6462242393609,16932.577102767227,6.542206355156571,424.40119912229915,404.4600520190312,9.063963653309258,84.0571005423194,2.956447478165364,0
6.0395677903078,246.69285470996635,39489.0097363008,3.1949687604769608,129.00000000000003,357.98631255710114,13.239355515057184,78.40453380500972,4.206835504487218,0
6.243279004222159,171.1038863509001,19605.029574738517,8.268229135226209,481.0306423059972,512.8947170908859,17.21841730353856,53.60972652129192,3.472839212514484,0
0.0,205.6387902697325,39742.970329359705,4.66052847082034,323.95649205808826,509.5464193025853,11.67484981862134,55.04267884602287,3.9167455268933375,0
3.684776431019259,233.020133595047,27071.118618299,6.220936450835245,298.11264499527624,357.1196221086572,16.76894519552127,51.28440050032288,4.284878629001862,0
4.976137360637837,220.5525236026964,28135.07683795839,7.97809811440548,307.6524514688484,421.464253153056,17.53229783616615,86.84809787970056,3.569570266317617,0
9.836030547126414,230.47192153993083,16103.360549293073,5.599314066414057,183.07272406532795,300.0624865683152,14.383718429700934,61.93929664896926,4.219118007986666,0
7.009601694292698,220.56199596960943,18628.696825146977,6.781680397045919,373.1509227525934,397.99610295937634,14.80867448166714,77.7635337907762,3.121944851326298,0
8.007541219554257,151.73632191206693,8864.686480286256,11.251507349038166,274.60602386866174,447.4843610277257,12.412691164547766,92.29141655632188,5.250173060134276,0
6.118506433212796,170.55008775515626,17561.272835697117,8.320209558082848,349.2919541577504,374.4638479095162,10.989145667060312,73.70144876048604,3.716659340751803,0
9.050970120039604,204.7349975348732,33798.10895559447,6.578160636500236,481.0306423059972,426.0805224202867,13.940220861276371,69.05166195667726,3.8451271657169954,0
6.057828113719532,230.71769333077796,44868.45836802399,6.443391565892092,443.2678494486155,397.2367838901215,14.037903158503354,76.70160915731434,3.2922492668733674,0
13.999999999999998,222.82121305829864,23879.22675685417,5.082356627955027,129.00000000000003,382.75796556357153,15.856062237972026,66.2704766771235,4.235174415004401,0
9.970793877005702,190.92925578314413,20661.411062730385,10.175483776027445,299.34557629198434,471.0626398509,9.225985272690082,60.02352277328647,4.969149725035601,0
6.284984822452388,196.77505624996635,29213.62038620881,8.52879260890159,334.4777947541068,574.5406714988471,11.095892522143686,61.99421270246594,5.70328774274241,0
9.043095631701522,181.56666281388723,8273.59197053936,6.7010419208711065,467.1204008569009,372.5512190398168,9.762360818326329,65.2163378646853,4.008499340500041,0
8.523062078756436,201.60849253061025,24207.29802654832,7.220716206607642,174.4396405349947,436.6259903050163,15.74063873222036,63.31050274568192,5.112376365006609,0
12.70342772125321,183.4648531176378,19998.85901868015,7.151888696454071,337.53953263765624,294.84680153384915,10.088668007024978,66.29916222466287,4.183319910746318,0
4.636245821678784,193.4002675486307,30630.759939174317,6.873568148176786,342.19323950474114,430.39560039453903,17.446818223391574,49.88365315949827,2.913048442998909,0
6.276294989981585,184.95205738489005,28653.47234174889,6.519434941013332,335.2577772874467,470.4296759126608,11.198483060942408,36.5169974120136,4.342759276850004,0
7.648877927703538,188.50697741610023,22510.9750698624,8.617208146755678,424.4490081465258,393.2935389967264,12.854519109800378,73.31350293073262,4.953533862998418,0
13.999999999999998,216.67561866505707,17870.31524621836,6.613386703486959,338.4159388402872,438.1321035053711,15.44149004728854,83.2727357518898,2.604959924643713,0
13.097160309059017,179.1494467023561,21051.365376288843,8.887846237973163,296.949069652605,418.269806221273,18.80051562615614,92.09600003604795,3.764703593500892,0
7.708681489543877,191.7642561265863,10830.80124539962,6.362889370429761,299.29113482269776,492.2003089527555,17.291645155864842,43.27254515821943,4.26677539510979,0
6.893168995012612,181.3746513093469,14579.82207262586,5.435058194396087,209.2935822238648,308.79251460626085,9.545091692868423,60.21464668959234,4.161749271319296,0
8.339511610034751,202.2016241790341,21295.749878708943,5.618116052890735,277.70445937190186,428.9503287807242,15.491387491611247,81.3153266808257,4.827704246705364,0
6.098012089946328,211.45401031110435,39352.77583836346,6.212191253207703,355.29175652911425,488.1413127215997,11.79184027310606,46.928041333003634,4.590616740729233,0
4.681098760235678,220.47612607659403,38748.41134555242,4.65251383340415,306.4511896424614,442.5305081273516,10.941269894858294,75.93448419260842,4.125750332990424,0
8.151215310423664,219.56004997568735,13699.680707842788,3.8044282993197447,180.15628571096252,460.52873600352905,14.951295013634422,79.63426080894891,3.523980505672175,0
6.35531481905934,226.5483539155369,13584.49033849808,4.1906962110019705,374.15762079529134,335.37821151987544,9.147436118854102,82.86492862981396,2.364558911796688,0
7.783262857030045,220.8360348292076,27319.56902994636,4.507101600118199,329.9971882727168,463.9651678344625,13.986735330572117,55.50201650852033,5.666547310958305,0
5.669689566349437,194.1300689927905,20081.537954466112,6.77810364227845,266.81591363120015,403.9899201737513,18.28480665026774,17.679920387816658,3.5921334240895173,0
7.50538938074082,241.89551463867187,25717.936177979973,4.239997134523971,369.5411429878228,474.9374695635352,15.306062668023683,48.374211615683336,4.306218230824751,0
6.024505615334774,221.6200579958312,11954.700730487684,6.657053081055688,481.0306423059972,391.2387137269312,12.961432513382476,66.12199738748595,3.2820613930954394,0
10.509668629307154,213.87687254040787,16786.925405599108,6.624220206292342,313.38850738411026,411.2169780969667,16.59093153291093,67.74551458871626,3.505078834160683,0
6.548796520596996,205.1681610439848,13584.900245458712,3.777648006694034,197.69289165912298,327.9673430235868,15.627514479204764,51.85036617441004,4.197305124934162,0
6.555439264384325,195.1579764546396,15405.49648051099,2.7508373088106506,393.1496236543487,436.2780756249885,10.855263219853043,48.075412931394936,3.7920401696633417,0
13.999999999999998,218.57354817585485,11724.62331510551,7.565406844549224,296.4305395160663,452.7276912662175,14.665703807731006,51.26182669313928,3.5613978299719125,1
1.3656025684090822,188.74356245264704,19037.46263750908,6.034236063601062,129.00000000000003,388.0658567405991,15.149068262969251,78.4994180330055,2.72365054009649,1
7.846463340823771,233.9765793947504,6670.659353530027,6.844526213052131,258.8037184744913,545.3106589916553,16.536216173110915,67.4840901235171,3.885623898479858,1
7.206310093534125,155.67577693423152,52060.22680026684,2.577555273054553,365.0809632968772,323.0010364016669,14.166602358927037,48.25430719011197,2.0007570315103718,1
9.616095703448057,221.7598178746625,12538.97402632583,9.089531143927855,238.17111777365312,441.8810049318061,13.808375111214955,101.3095891905688,2.946643668370939,1
13.068869533478736,186.5952547717052,29496.9101574473,8.11774776205242,378.43050067865903,616.1752427782974,14.962779709959593,65.44456251887024,2.4752844638171903,1
10.399078847935346,195.83657257871016,14563.682649079745,9.315976850163413,396.74756825143305,289.6605863574045,9.184400746791653,49.54012015333407,3.957011709406519,1
8.141429899766313,211.79426732802523,15494.3598370104,9.450413981964612,129.00000000000003,363.1293527237093,15.40338969465506,54.490733178293446,4.350921900795209,1
4.168248461367502,164.3512892657663,23863.7168635121,8.593819232313368,331.317573104354,547.4668311616424,13.8434937991247,71.04673524990041,2.804525051409483,1
7.806909023349841,216.47316874118692,21299.31865733505,6.2175970852163776,220.63437330631928,524.0797055340377,13.895630615297025,83.14699902162178,5.127910987699841,1
4.5956077558097705,204.8596597900153,13891.03853003988,6.371344530423113,253.70940069740294,631.8220781685856,11.420910359124775,70.4490025357391,3.978919806946673,1
10.134167594869382,204.66904671521945,12874.44463702976,5.071164450220336,324.70129261448784,402.6192861825653,16.642479709112365,64.84674856579926,4.058942266477222,1
3.994497605953491,179.45419201070274,18682.27713864192,6.464792740892933,331.1456211400727,538.1749592223946,13.916820320124998,124.0,3.379147350846876,1
7.725192099493611,213.9513281293329,20461.759043330087,5.34031864919632,226.70842964798615,338.21425829801234,17.032466110374628,58.587459359296936,4.1633255369929305,1
6.729191489422883,178.49363187309189,31991.958746649994,5.632940371018292,407.29704933357164,341.77477792211,14.805198456082792,64.12915495073169,5.112254250604552,1
5.246467334786576,182.53397835188156,20049.24209921328,8.480467959960176,330.12786856306263,328.70096062821995,12.332288113529389,79.7847803952545,3.6935109356881006,1
7.3764491048464,168.75000723384676,37191.11414053757,4.184943038274488,129.00000000000003,439.31285329801904,15.900985054562284,63.3348946717681,5.767354666497637,1
7.802426084121588,232.6702799913262,14382.902158061956,7.62692290707145,451.57988791344945,413.292183492284,15.495603371645757,42.00208201140493,4.363529881475539,1
4.725997720598259,175.99148679255958,34265.83058147379,5.923395846861923,324.8707242178734,441.9451807095715,12.636086459195496,30.903478771378243,3.644606540888711,1
10.09264908922526,195.8746341633259,17749.298664018053,7.556750343971984,159.2724455341151,512.4544684082954,15.485275629289902,54.13265784184894,2.7756354336001303,1
3.681076270548827,144.2652698526354,26726.77111340624,6.095282918647103,210.67229689350057,564.1838239951721,13.651105374844292,92.29910069910986,3.8930704029978314,1
4.897691706502586,169.23576826579773,14676.71627206917,8.318607336847489,129.00000000000003,437.5386923936241,16.21914101542484,81.94780622974464,3.894464332984629,1
4.336137173035358,193.4101406425249,14472.391549496848,5.640672344946838,322.6744621102127,431.4573372034281,12.721921884768676,92.75885234396443,4.414818909753493,1
5.038316783143259,170.36046254939882,25866.10394858233,7.403750049124539,129.00000000000003,350.39102412394016,13.270278830445308,65.33163286459956,3.913695775844471,1
4.587035657952494,160.3259716092888,37795.763317883866,9.15222467032826,390.2766084356859,441.98610614652114,16.450990050021232,21.355275176305117,4.441979835848184,1
5.09993200503465,189.66593654788983,21807.40013130367,4.368152032038047,232.99812068694217,334.5123058810013,14.732291221052549,49.98567904726279,5.159301248966906,1
8.860450853927205,193.74310515437077,24085.11214024342,6.1831095178272095,163.4389413665096,526.7049237128014,9.901327631938614,81.33933980941578,4.677713326887139,1
10.13793228826111,242.00571600208505,15088.827652848911,8.677789359299585,129.00000000000003,596.3463463537486,14.97119882384368,62.36582435098707,3.8720181587617,1
6.350290472055328,190.38373782069615,14905.393851576406,5.537830156620091,481.0306423059972,446.840605056286,13.98356664497345,67.81709623719206,4.265233067313503,1
5.462355934706153,187.70953274686872,11642.148998545998,8.4396410712474,481.0306423059972,534.6639448904972,8.129792646305418,74.60371287284924,4.486180492425556,1
6.446252031563202,204.25356307886767,11104.250507939692,7.648612892834538,222.48971278836183,418.0412195645082,16.62562737934104,124.0,4.976957857871973,1
6.772156537729458,196.90009840651132,13790.296201812738,9.57505287265186,316.12355557669,347.58837474387843,17.705727306416122,68.37981451778118,3.82725596122325,1
4.638250258554134,182.41962093934336,34261.98588949726,6.197715941573335,307.45845423970667,439.1177045525735,7.760852569489202,0.7379999999999995,4.124537824896342,1
7.678966888683202,205.47991835519747,7472.506480020473,7.181868527775382,129.00000000000003,395.235784311772,7.918150337664485,76.37830906277955,3.7189815585763055,1
8.137713063107284,178.71663294161257,33786.716309201074,9.10188513655897,481.0306423059972,481.0735393354328,12.273180646441858,95.90528790951598,2.743866752405663,1
10.001648298798118,210.62735850548063,27983.17942203171,5.947212908027238,315.91756741723367,436.8440525505291,16.127527143449186,64.56404411046557,4.290393223612015,1
1.6012685335496404,219.7060481397352,22387.315752754752,7.308500571669125,316.97300307263026,327.2895433835891,12.785265313763432,80.75786638068465,4.64936502812178,1
5.403883692226708,199.01667409214969,11571.421537186176,6.285433845719699,133.9418391741365,377.4307462748564,11.859074319563035,74.0120431141782,3.189942299371127,1
5.699873488404511,159.43560108087215,31977.37013682092,5.249974384483521,481.0306423059972,501.7432180670225,8.008011415089925,55.87024536465181,2.416402097988852,1
7.694264581971543,184.83630056639765,22673.0344718994,5.701063334216145,129.00000000000003,439.6330268963013,8.857705530972908,64.97557391582566,5.707192759327155,1
3.4264503676355647,154.71172445985175,21839.69595639051,4.965722327957003,414.5479693428201,437.3771805962571,14.689350595981807,56.49007684901041,5.978053939752291,1
8.370440489338627,231.44255333831305,15063.814968339631,12.279374176513643,273.3532379043929,422.2938192522455,15.027087583819991,67.50300434801802,3.210635410482233,1
6.223114293011003,204.852186950213,13286.156575345676,9.09384342143146,332.84554447775605,365.6875203930603,8.589895534507548,76.3063756515083,4.26852451986332,1
5.225683806899056,185.05044395099085,16276.398604470483,6.617097554173202,468.13011703693,394.634867724289,7.817811637117302,89.05258819146948,3.6957469824917286,1
10.060170972718618,158.7629591628545,26210.116012222665,4.088762946636395,402.24820392522463,354.8470532822727,16.00671093326133,85.33805330104508,5.010163393323611,1
8.928142080209764,197.64853023005696,27884.434251689578,8.968576039440352,420.326582331265,317.5326799498512,21.49786644469549,73.01113196656038,4.111101546196108,1
10.652141376963133,177.17402078695184,38977.33079809635,5.477161307582676,402.49939282930575,484.172953298292,12.30010680798364,61.56947695408594,3.261591730784553,1
0.0,231.15982406732792,12856.72862340994,6.977018582904689,344.44773731524475,392.51690179297,13.217222686954642,80.95645791823173,3.3082941798432275,1
0.0,205.08878887104487,27064.41840881681,7.398378635841076,304.9264750684554,409.501841738755,18.521791547503653,61.48610514453484,4.599572634095484,1
5.567054821467497,155.864381695285,28224.77417849429,8.366722754847865,392.582582266922,421.343736166148,18.778696100794548,52.640593959329365,4.930189986333271,1
8.473649322846748,182.9971987311021,36412.488259683865,6.144665655290555,417.73257863677316,414.3080549418767,14.255356261876557,56.73518664400297,3.487816306545352,1
2.848791178911198,242.41342924802117,9783.368727453491,6.400151955741599,211.85159230220145,351.9973602254736,10.407257493252873,69.90949068136919,4.626701022502608,1
6.947915533873985,219.5943849063765,10337.541702863726,10.414781002259968,323.148625575957,453.1519380703697,14.213798854799675,61.150299294519726,3.685079273135882,1
4.909518983025118,186.19070317130723,13652.602029885013,9.318247597478518,472.0857392293127,460.56672194405206,12.159456909040728,89.8302092930403,3.7855066443800336,1
8.787667940586466,232.46263718036695,7035.13379657523,9.306448972235804,332.7245621854202,415.6248816590512,12.051416569717276,68.37890741970973,3.489945595277838,1
9.352719752960567,207.46516043581173,23558.5547458282,6.504916049493928,346.5165346873108,420.5945918938736,10.986682526950062,120.62279016592109,3.398264164565317,1
3.4539783993555115,182.58222779929253,19575.475362719964,10.048383219584942,424.6889940773884,383.49095391355945,19.48294518199253,76.6347982494804,4.329204049946698,1
6.786276302282823,235.24058730539932,10443.796533894729,7.605518818298341,355.6343530475904,319.8429300956216,8.286550373023829,80.54035147331061,3.900508521463043,1
3.131075042008434,202.47516230974296,23828.207681634354,5.531684612810469,409.2862102681366,414.61765510548713,13.797656407460636,59.52166407500343,5.266367538576662,1
0.0,215.9665791330122,21852.437944482022,7.457514884222507,283.75582393263267,364.7010953585888,11.383209883876589,76.5388028414302,5.0763624641800265,1
7.374775413656679,217.69864379800245,12285.891482607538,10.038245002074108,379.60508982356686,358.98325438036915,16.293715614294968,93.7843798618194,3.5922647284429,1
2.464485420325781,175.70855329229607,25954.031764320844,6.229321818270924,346.2250616334712,379.29064585960185,13.636910032644153,50.59076525302173,2.951395753410233,0
6.784133023750861,212.44233820906925,12827.621006985364,7.403641894087093,256.07657568965266,328.0335757343945,10.86177527103439,89.57703602607518,5.03582284435287,0
6.839415897979054,166.8669703511137,28508.637799593933,7.238828645086748,399.4649035992513,460.7659944495249,11.378737972966746,73.46513313160924,2.854526551578415,0
6.502765565579729,191.5548151527385,22462.113287036183,8.186258380252383,339.9105190908181,349.95453401087576,17.247307224770736,76.76779656160039,5.260301115251683,0
5.527633482507711,218.51892308470812,22095.637163625644,6.436288160630948,269.34170164746797,412.8676104901122,12.640135480276513,44.328641393859634,4.591137050219068,0
8.771463315903048,196.33467279621243,24108.127550510275,7.843143600307158,352.62391167393247,428.77061040859,10.287673166557624,73.44593375629363,5.034682957349176,0
6.223677774999095,238.0842106554384,22423.495207292573,9.336773799527514,169.0792611498165,474.66533168597664,14.027765944351984,80.77427549141677,3.919575057474988,0
10.358774495338757,214.7378306899992,12666.005324849046,7.092691320173934,302.4917680919928,319.4230514870244,15.43383428120842,92.69393563830354,5.005878529984143,0
7.865756954092344,184.912917120698,16147.001950433065,7.321343442882046,301.51770468668485,505.9128644709307,11.092841670393,88.04898896235098,3.738618342932626,0
7.03281872622224,168.8223952533804,29370.26418381893,5.390593422595753,368.31616499271325,521.7808841520609,21.11924924525698,58.87676573201324,3.633373288668084,0
8.561218924457805,205.36683110631657,16686.312760329496,8.159299081006804,138.55584293349975,347.8409648944553,18.89313660854401,68.089865465004,2.8138885986983486,0
0.0,209.4268373223024,20827.98384358852,6.5913711396627885,313.8746838886085,567.6041513702078,17.95484850578748,40.140151997980645,4.238252980379006,0
5.039373608702727,142.8605979960346,40829.35316707983,7.27154271028571,253.4195793976519,386.803056636904,16.823772930441862,52.29711325231761,4.957419783113156,0
5.455599351643056,152.38673465827236,37620.24846932248,5.783579818643897,168.7758338810121,343.4175877984175,14.401654088327348,41.109869374951785,4.4763487151197605,0
5.018045870383922,194.66816713135503,27317.09944429893,6.155483652519991,155.33801857875505,313.47795930261015,10.407478803660013,85.68527247401492,5.035153706923996,0
6.495435285215991,252.0109026099683,32775.63258497812,8.479302000403932,295.31953117717933,330.045051770925,9.854011285237677,80.56107733085949,3.3904705401970827,0
9.868981402532967,203.05024386397616,28184.900526966365,7.076633581769529,344.5241792801903,445.7007612398767,19.775367127025334,53.2701515784731,4.456104061234216,0
3.639478354439839,184.7506979126292,28499.10732797347,6.550031094059824,330.71954876938406,381.50160357350296,11.044405134168414,62.01482209272951,3.403269587083857,0
9.222975391885388,219.7257126431681,9840.78281985046,8.51365460907883,309.83873238358365,396.80565205746944,12.428763405196833,71.62549656666408,3.1834353228956065,0
4.059431468029172,200.38307954578065,25770.00672165666,8.34212976694786,129.00000000000003,414.157826023051,11.084834057503656,49.60056687102377,4.330321564154249,0
8.389945658771296,213.66568478805857,17674.706148701305,8.34881476124955,368.4061594554712,471.36988047481685,19.301248206316075,70.82951340717081,3.5697173123209334,0
9.953952111556116,232.94900187336617,3773.2811465808113,9.97984962210093,465.0524901439753,339.8830286936424,18.34359021490405,82.44900207544099,4.052905069433097,0
0.907782100543985,218.986406241385,9836.401847179895,7.064672494896746,328.72428899396186,386.3452474773828,15.547963572423782,57.32811605783707,3.837256627123341,0
6.466874708929867,214.3372703937989,14848.12948874036,7.054937966486287,304.57324510743223,304.9563717110235,12.180826012665593,73.33194986613204,3.4081687916535586,0
5.766204133561628,179.57265248274012,27700.121945252253,6.198937218819007,171.72065152619177,536.2686726684562,12.828120735218874,90.00676549871449,4.472018169722266,0
5.403196491704968,185.64352271740688,27509.89342471555,8.257587185132989,481.0306423059972,587.3786921402553,10.024039184655235,63.397499850611325,3.871463111097292,0
5.596929951315809,162.7246722581785,23930.374548905656,7.456556509724278,236.50757738354145,535.3395605256891,19.174738706418907,54.966316649152496,3.506764606330233,0
4.91681922881674,162.45678429062133,22829.12321193056,4.024455657493151,360.5904450901426,541.7723150597343,11.580140749581515,34.91189061613546,3.8367032388187607,0
6.784279329300363,140.36670861252435,17569.57981864576,4.084932416197642,371.57852237516005,374.1818399732621,10.634230121896053,97.08705976226209,4.045547056489322,0
8.08041524398239,166.89170013825074,18136.128858582844,6.867552960029958,315.75478642036563,600.9372030330944,16.30779008749954,55.586141732364176,4.070824291566874,0
7.117570009223948,191.3482590490084,14017.372065676183,6.490700311377002,345.5604811564392,423.9783891770644,11.86324832037826,65.79168659116394,4.167336456868864,0
5.923739954690041,200.561212598199,33306.01253765967,7.430037412770904,319.69173175983644,399.9483324962554,13.7978696801174,63.46340880072283,3.8844603708206806,0
1.043237851860105,192.2021681102196,34160.92514352129,8.963155528278786,363.4727979482551,474.7817344225263,15.905270431900078,50.80782511660748,2.9983354715810404,0
5.651049855343244,215.99711663155816,35971.02511348583,10.03050815644373,330.85892653323094,558.108549013308,14.337804381879778,81.76977525321638,2.9341370013330885,0
13.999999999999998,214.17232983223613,8985.911807108885,7.29797265956913,138.96057898052385,498.8039168835444,9.583323113158656,37.61648538371824,5.504749396920436,0
8.274069058697867,195.8033305348776,18091.20261463097,7.42210444660359,365.4072222417801,369.19833429369726,16.996330277382242,96.4793925884516,2.5754230277099115,0
6.784116114807516,189.60834666312743,12736.86500142577,5.935771844008357,379.82516597167194,480.30858096175547,20.6064086396986,76.62148875956959,4.072186607547674,0
5.606856130577717,211.51309718534105,32423.4626851086,6.812943275393427,411.1591548107396,446.38640359860887,20.926950178989895,52.218978737459175,4.070966098496005,0
13.999999999999998,223.4431113416477,36290.74611241049,9.380013284090806,333.4451998122188,373.9201601805187,16.520495964276165,64.69669077703233,3.817778953181653,0
5.700784947291592,185.9222470685828,27365.10636262947,7.563100468517474,188.2590188287332,359.50655304063844,15.089440803496018,56.46343392733931,3.978141278692845,0
8.4758425263145,215.578464198638,25338.61934219312,5.787190934365635,266.1099928126103,429.3502679728248,11.85446067629846,71.1653521626358,3.1340001497974344,0
10.678056255643256,168.6957662783445,7066.376916672311,4.866092410145974,129.00000000000003,327.6586443803132,16.296688483167884,46.67248258533266,4.308256960674539,0
12.659543911599915,148.1031294610112,13597.896037808574,5.733147893867967,374.0183113969158,357.71106011102967,13.278895953233471,72.69549913994688,3.619590634969264,0
2.6219864978253105,202.0798644763472,12519.090659913514,7.62752384206607,255.6871738093625,399.88338796337496,12.748216736108134,52.05225497558004,4.43921523990166,0
8.983811794161655,204.6485151840766,15158.721747534462,8.645881893419118,129.00000000000003,416.89916011180367,14.61876665589989,68.90294499109065,2.44567338788982,0
0.0,192.9703798010064,11125.443536741795,4.9549231765651935,324.7581837144696,332.95629802121806,15.164574140798264,79.26457468709691,4.699120987045171,0
1.7659229033281862,248.9546551332156,25253.079062408437,8.921733174905693,296.8210342978569,482.8469391319597,14.14225093266208,69.10401166102994,3.941073832069612,0
4.889059672606763,212.44997404631425,5699.504942202689,6.64783993415416,333.0524906534692,269.3446352437425,18.08249040202384,89.8160574511311,2.27639196018481,0
6.783888467541533,193.65358060131555,13677.10644058598,5.171453573375093,323.7286632332804,477.8546872578033,15.056064094821464,9.982646332987699,3.250022229204365,0
7.390896678654897,219.33597776898887,25574.09172142843,8.760434379770334,302.5014058793383,553.0576632213979,17.73037118589417,60.59843160814363,4.32513164451923,0
9.302441187910585,236.5807942282816,5230.630429801216,8.30040216841763,129.00000000000003,367.89756289774266,12.86399233724461,18.101222170724377,3.6759854978305095,0
6.583064855827969,163.36160354126406,17977.69393789565,6.542088000055957,348.40066597143885,383.12450352000405,18.09454383092805,44.13646886798645,3.772858553084088,0
7.5742612367877715,227.9846645709775,8672.527773400137,7.33536186356088,304.0026047077094,433.6795425189589,11.238913670655164,54.86588904451017,3.6867589826723,0
6.552279123020959,190.5476779864076,15362.452383441234,6.928597412765158,356.31797483917325,353.06365905373696,14.896210357189716,95.94558235785325,3.443385018883295,0
7.986398705504575,202.09393984374807,20447.49013156478,5.689518473675122,129.00000000000003,477.668835803867,12.258395572412496,43.841691909585016,4.814779190766616,0
6.062738419015513,224.84118059890832,25842.581279366528,9.46339068688187,129.00000000000003,385.3916190709158,13.074749681829474,85.35121382015606,4.369454696832489,0
0.3814735307349575,197.57073625851984,17439.444060922862,6.226491277850969,313.65143554768747,406.0147938783555,16.690265724955225,68.96901781677818,3.4583200005897763,0
6.39908051004593,230.0279325865128,23037.076832776307,10.517848492663749,316.0725606007638,452.9744802793642,13.625533230753888,111.10339104430052,2.6205380227279225,0
7.394255556132569,207.96303844276812,29917.820209044952,7.816294444254865,129.00000000000003,392.4966652745759,13.173426262726366,79.78043755763542,4.26319277247499,0
4.737391256802652,215.52951074368352,30684.211642415037,8.781904577996217,342.7164482905538,313.51350201495296,11.070289045614745,62.9144208045654,3.8533880722545097,0
10.98128676058262,238.4095980755224,26493.07620652817,8.669944102585777,311.55367904139865,369.2838638747586,11.75993045445574,91.2392992027705,3.241267186661132,0
6.087306100000082,214.55608597404893,11628.336675478404,7.231926684912577,343.2618929452696,344.0720281513272,13.232307887943024,98.6866204155442,3.666671803251088,0
9.121576919179617,190.63063618380693,26913.373485751392,4.649166445536806,302.41752875752275,509.2848687676725,16.198947843455073,64.10195139636862,3.4528218640874533,0
6.364155674065816,193.5069028159379,22958.0099928107,6.6746350686624,481.0306423059972,432.1943572726645,16.27182497172828,64.57685130910524,4.764412041610866,0
13.542124071653294,226.76564648171785,39942.95389779411,8.594714508739044,144.28498144026796,538.6218031101072,13.74474872214762,111.37271145035695,4.863377535184865,0
6.615981651666498,194.98063602657555,20919.051434180343,6.136369824104111,372.9244805808394,383.1220570399757,9.68437637766965,41.33777496075909,4.63570912652134,0
8.312379503092345,203.7445475058509,8727.247349356963,7.4563022582930865,398.02809909366215,543.392988344829,15.47040046786907,81.50868191992566,2.988093010442307,0
6.385470897689489,231.48845769943907,26756.91799981906,8.774356716879225,419.95172915983267,422.0677005293167,16.563116383698457,73.26063979628235,4.681716653309846,0
1.0003250621843898,236.3569746190456,24873.622781133807,9.410657997698486,300.6884165729052,479.0560337017452,13.521923255626632,46.59887075058384,5.284233272110425,0
3.9261834484661517,210.979746804659,21174.40848046621,7.618884588424177,234.37818601311756,572.743407158898,15.11084888722496,90.25245503627784,4.217553378155117,0
5.7730649830711,235.00459773839052,3900.913891731133,6.938729525155316,286.7651014049071,553.4940321982864,19.418013145029192,84.84773971524388,4.071343675272809,0
11.903182877904776,194.80609142080573,32981.23945648847,9.554785291159469,359.1618793448508,286.7944316111977,10.415889061475468,71.90514736385545,3.2316796925242075,0
6.739440743821292,206.57784298022085,40710.524385742334,8.8136660894912,320.4493278266133,468.05171474869934,14.52349975594393,71.45044718045614,5.486132309176686,0
5.218989651481935,164.79099156176568,27007.8869057916,6.592516958774432,434.663134920036,422.2238018334672,14.070878980982856,73.92031967832119,4.383942553936008,0
0.1604498205864624,240.42978682732485,25959.613897834544,10.571596299305776,282.54595566394346,446.7429748194644,13.573471029245129,80.2683717898251,3.3583534546716933,0
7.4587076827919985,207.7865734120744,10513.2967812211,8.920632925274443,228.1054545291629,442.3681430865993,18.72530225065105,43.89808750713743,2.938082397276258,0
4.150214299745359,174.92674117052437,41489.6398141628,5.56986865811152,357.6203863595183,425.2500464971023,12.534008729084915,86.68363454098444,3.502370872206418,0
11.790572759038898,235.41745667390205,13927.002506501727,8.55144684504605,481.0306423059972,446.4223567483664,14.134953926050343,51.7052148914131,3.662648159726404,0
4.342166843817052,178.77771608491037,10490.838986806202,7.53304200193721,354.05764852081126,367.758689247449,14.66895004953642,57.40146511939064,4.126407533121048,0
5.375895978926893,153.71287427649622,56867.85923615444,7.894086171432456,356.46731974772706,493.8884637727761,15.116022810250795,57.71299203911127,4.174219639817962,0
5.49948928649166,230.3087747295588,13902.968646212596,9.619574960906595,352.08433279750574,442.1670062352971,14.740787109276823,103.26158842188697,5.8468269575803085,0
7.815591437844629,256.6734691446341,8904.799817878542,9.711379813856343,293.1111226041612,324.99782435818423,16.848443749704927,72.68768581004775,3.371680094416703,0
8.436397916685323,205.43897678280712,20113.897568469984,7.248374249340612,317.2802103416212,558.9538725719827,23.952450435917456,68.24220581051297,3.651864698731579,0
4.651130350429439,182.16188032589517,30646.815275421894,6.325161655042652,294.96608830837704,404.12015243193406,14.712284631836098,106.3717198108593,3.855772963661712,0
6.225152012969118,169.74117152260175,29533.608826117597,5.574917123210296,264.35416566430564,380.1147511485802,17.59550986619479,75.5190590415527,2.770822652580127,0
10.008684420016289,223.72043045827704,15893.67441054203,8.289191783611953,303.8506627738951,360.4684842117428,15.234277164197463,48.19557178785351,4.157927298303721,0
2.786295185156612,198.6549758412697,20063.49032717225,9.539983929130004,344.61853484797564,412.9792013051188,9.76708068894692,43.14199974674722,4.565423281976806,0
13.999999999999998,192.25416191961097,21762.61414587793,7.259638237663376,331.6496585578883,397.2628256932218,18.261212947742592,45.98162417818872,4.344804944234699,1
12.406125931682816,172.73143278552703,28894.476969921525,4.2509167915312815,244.28514512284767,559.6293401265502,21.340849260481207,51.27471187375938,2.959749614118373,1
3.90517624415537,225.95909234244704,9660.658301980391,8.827654541082934,397.9242402936577,315.7509090103922,16.71655697181717,17.000682933674803,3.9592936152493454,1
8.037430326921505,148.41530893731303,48410.471014066046,4.755879694801491,268.21189582815015,392.9012057483384,12.466609696344335,54.23271378953244,2.5062381267412426,1
8.177174973797975,210.44877003104824,18626.1493120285,7.2716723645577295,398.48181272350377,455.9274998998167,14.24794720108804,85.9304283912371,3.325638985632972,1
8.154531511065274,168.09893538502118,21361.19705285079,6.19884397985866,388.5605696749277,419.1733119911466,12.302668565189776,59.88736705683962,2.460464866914837,1
3.930535095375494,190.2191676186419,23094.87239357759,6.481985709898432,298.3561571484034,414.8891302666953,13.461794433552086,50.895233151800745,2.977047400244634,1
5.694694238027413,240.71218211203256,7998.67451117685,8.124265427658612,379.6648691263144,477.04780681337536,15.459306961954155,68.89560274912847,3.870610799553027,1
6.707685556382788,199.2853742998247,17435.340205976172,6.809945058547433,335.81024808476684,454.7324100176898,14.58729015696406,81.37845107001321,3.8226687145376768,1
6.387457896576494,200.31523572876205,19947.434474507278,7.378235881075599,337.23146852418967,295.7570531503065,14.03399501280876,29.66814213275831,4.387208418499805,1
7.728239980327686,205.12830348496536,17537.98961580656,8.025806109167293,396.091917382805,318.5366328698039,13.860453410173363,93.71487616150677,2.9997023209082743,1
8.501711439023032,193.90890608507843,21289.179593409237,7.108190294038022,460.61544289240635,393.17668125098567,13.643236218867967,61.12507973235428,5.612295662106835,1
7.192257973301533,142.14556556787966,45141.68603638362,6.0306399601185365,240.1985047508843,369.280428971705,20.605552070757085,70.1683892200974,4.604724795804473,1
2.696436259340536,213.04119146394785,12036.643043583255,9.794730235571302,349.1713946556015,284.0179948359197,12.419905500514687,74.67438320745698,3.898915859529646,1
9.48960096649994,167.88762871252754,40032.41400480899,8.349206793755082,481.0306423059972,354.7907411559858,14.16831423855723,102.56784617405872,4.300694899087454,1
7.992320364236402,230.17957338317612,17076.663788674756,9.59874228090855,222.9421193149694,522.8880540200298,14.44918097369549,68.6407681986352,4.342796788042317,1
8.16776766297284,144.9029317530772,36185.67853808146,4.545520136658822,297.960229910378,605.4588933746072,20.222074873529778,0.7379999999999995,3.4106855396131177,1
6.238473845116154,214.65733127176668,19692.464393722068,5.947389617427277,326.1757087803023,385.8278293480579,15.563459657245232,77.83403618152838,3.2616513991274934,1
5.953923889741049,226.9350617115832,11930.6247945518,9.6772688696774,453.0440997779096,350.9686514573219,13.60964252131339,70.57141440733061,3.9686471632564224,1
8.757110512347623,185.41936691177847,31040.88449434861,8.544763659111414,334.60725288854366,408.0957972423192,18.23522020383126,72.29966227820398,3.808793010243389,1
8.341794468938177,213.0002175330737,21687.473454293264,6.90104076715514,481.0306423059972,383.74788340648826,11.793246335936772,57.345645004071,3.2425454482885505,1
2.1623842259902215,178.15485548223057,34383.59763883363,6.42577003677151,311.52689022803526,570.3787653197973,17.592126372352084,68.99274058496776,4.0058929921265065,1
9.00846433449955,148.6140018153515,35021.77409654997,5.594006547611537,473.8659830214641,387.3997714146052,11.855102950449409,49.480440797245535,3.911014707443342,1
9.778181812741442,155.93744138376636,23335.674206132684,7.666108730062655,254.90639889673895,356.543036820507,10.824600366031802,75.32889227000642,4.143365318508068,1
5.204938762890717,232.8827254443243,17818.39448925992,7.300265027559329,366.16324253322455,404.0038880461103,12.86641995763523,55.498331074344144,3.439561018542137,1
7.793914804354769,164.95894748019276,25506.91223714494,7.868035975030614,358.2591999095167,398.4603115991678,15.297495720765596,124.0,4.220027670860785,1
11.209633394490817,259.1449276933153,2808.025755679448,10.087062401210986,392.8331603845455,354.4052784934516,13.89895041982237,63.857673746213685,4.081328787472204,1
7.202534415579847,207.82811639312348,11889.250632315909,8.015743172635725,481.0306423059972,369.0443258231596,10.371843235532651,62.0377302443214,5.702504528449717,1
0.0,188.6105177047369,27716.338723300283,5.606500395404296,275.1822396217426,520.5877359450662,12.814603672842338,32.15404312265207,4.398059122757676,1
8.35263517558002,134.75051216758874,33662.389050318336,4.439791251197312,481.0306423059972,397.1149717089917,14.42088193812549,55.58681500962776,3.939011353106868,1
4.279003801473426,195.55442847534005,28415.184346936385,7.489779370159324,318.5152705422846,494.40451055374274,15.023961660572413,47.14414365343355,4.052367137670618,1
5.744504157048756,208.0700517880054,19457.639481105347,6.69394937956654,363.416368358957,362.0624897925361,15.60372925424997,82.31785396122956,3.5335001498780327,1
7.393110152584626,205.9911566489224,13215.706381829836,7.7403771181688175,439.44804871767207,537.1360548214474,16.053201851528684,79.35756015798977,4.431739047145852,1
13.999999999999998,176.7799465044224,24793.455675112724,6.394342434136246,312.3591475472501,377.0662856987264,10.07019192022682,50.1241222610585,4.641041336188799,1
7.310715695744376,185.8171403953804,21989.767441159336,8.4375149697106,481.0306423059972,425.5328610356169,14.947810958042396,89.7741597533087,3.5788263404357843,1
11.318810384439336,181.3018738810032,23614.7029612405,5.454993532773515,282.3116406987258,510.9446258266916,13.978608172919394,52.3015496496496,3.894061160472698,1
10.774318090075074,163.095105838738,38037.35307442267,7.602196991522025,350.0002357127786,477.72337472018944,13.526521986200237,49.625245910087486,3.229834158576746,1
6.846053050533145,204.8605046007494,24590.125934402447,7.774360848396785,311.0066205476275,440.936823858057,12.567061356508589,118.3572747362022,4.318271772600726,1
7.808641136495527,200.71487002221596,15694.507193849424,7.219558055997078,339.4392884291021,519.8629914995536,13.2621021052978,79.34491474969639,2.4727203251760423,1
3.7921257317804,218.4908565157667,16929.290199720523,6.110295327311623,219.25803023359722,410.69418303363074,14.090718579874704,60.32007011033546,4.62068558556552,1
7.893448637614743,182.31725614546667,30430.21175215331,6.151217322720383,350.44858396721605,479.9570762900436,16.576564876799637,58.67506641468992,4.536122682223924,1
5.473603398247983,218.51314526880608,14608.363145319992,5.621361690399648,481.0306423059972,472.79683482311685,10.583581211804017,73.10600685692225,4.9578222414352044,1
4.668341927148689,178.23365945534152,37861.44001203971,3.912714090018384,481.0306423059972,535.0863948480063,17.545439535942705,64.07128834277817,5.11386970579597,1
13.999999999999998,212.4800362196764,23572.15780201952,4.976788270790193,300.72699494168444,449.951082803025,7.090387208534082,66.02679551194069,3.0938144500611764,1
9.185417502207793,165.64150236855082,18073.96858893089,8.108317979962136,368.30736851683895,534.6984327571197,8.189662175779858,59.66355355161021,4.186674617804839,1
5.470802484400142,213.16047846432213,18295.37092139286,6.0433954485275,481.0306423059972,317.9484586249376,13.789267236562296,49.64245119325531,2.962852429032913,1
0.0,195.01956906857623,17382.42736561254,7.036828316244749,329.12773842254506,383.7949027723084,11.147085344409843,90.8869084268986,3.843405195850602,1
7.727421140658746,227.8427195642653,18767.941634604955,9.716908128728283,481.0306423059972,328.8541690388659,8.233404553677929,66.6782137100115,4.601802090002829,1
5.846786697496672,212.1620434952128,19417.76720851864,8.442033603660807,129.00000000000003,393.95282049659727,17.561933347904528,49.38836175160476,3.371110880826984,1
6.64646992248928,251.83624820857125,5516.874952577377,11.14310959304401,156.114614507208,339.2087033421608,11.930433304821292,76.52427002988566,4.387601741834642,1
0.0,212.90913181434803,14101.869291982675,9.112484615178165,388.7877846681564,337.1910833477874,8.60242535873266,74.58171128420321,3.624635249622655,1
7.591089848316611,195.66580036512028,17444.671404003187,5.307070875577667,481.0306423059972,517.2033080678149,14.799552979245618,85.77578435908438,4.531196012957704,1
6.875746152392153,192.0236594206504,25422.33854849112,7.571359938533217,251.84308736966247,501.6059819605693,10.785964944965144,68.29461681514815,3.397302571603791,1
8.71924020683575,181.0131001942548,17430.919719636913,7.421209913519095,481.0306423059972,289.2027406389721,14.427225488180396,55.39361300965746,3.912836036583348,1
4.4293787345323405,256.21256522331913,8746.901717120361,9.010332224772313,280.4193809330983,432.10793455422026,16.30747374176201,0.7379999999999995,4.271167637481616,1
9.884821238448819,134.67925657493728,30211.832990855128,4.792361012310782,234.2856214451352,391.8209641138389,18.99915352421289,2.0629091186142614,3.8408887616175593,1
1.3795624988669852,221.6754626299006,10117.084438084974,8.026586326762152,356.21161439453385,508.2627538605141,14.058460937500968,40.9168107291419,3.19012777090997,1
8.215123506909467,155.76286653992543,30579.371066591422,3.308977338758735,204.85436976688922,344.9505839233056,13.686025989370478,77.18262160266588,4.511384048876486,1
7.949964794513219,186.789150651396,15171.012325667596,7.8332749648098865,256.4189270469406,406.61274295171984,20.53968804883607,88.05710547459495,3.3171524499122014,1
3.328295935891746,226.27082374398685,15380.12407914492,6.66147386631929,175.40687111969729,392.5582048839587,14.083109642986358,50.28639472696423,4.516869764126983,1
8.05161419248157,223.5119784342916,20134.398340672,7.977730117723771,359.22570410694954,477.34265616964944,10.933867252920834,49.145504353825096,4.314495017031872,1
7.96852586987492,156.45114877705169,27008.01187446905,4.716576507918205,244.72389189886374,455.8404279578049,8.360283485419302,52.50118739443663,3.173879163212596,1
6.394548022914309,193.04755784465576,31620.19078558264,7.065083740762097,368.8724807750956,515.8063854323804,13.081881339181734,99.64069141400566,3.042496817945847,1
7.992026977293408,174.55800631401678,34585.0896069508,6.587302301425708,301.4647566003197,543.9491408663416,12.199449089655332,71.27123080111348,4.647095594485686,1
6.905217917305357,164.90907231441798,32768.22796617652,6.309685173451063,285.56098329312164,527.1986749763996,15.843303170637624,59.728172929692974,3.499453074211392,1
10.55027327313621,185.16581458014437,32150.97939283285,8.933966139013041,481.0306423059972,566.3793974220303,14.282960532198048,85.39339918963503,3.951304462604924,1
10.09548675974089,186.17484065173625,18085.15884117502,4.9512770484847,298.3997239549346,347.9866863781916,15.715545904300312,75.59059872694924,3.068919236981341,1
8.64953494696306,175.42666978686287,9898.022208564938,6.048403824702428,336.4776160271515,410.6250980041168,10.06925422007106,20.97421511345081,5.229809192531628,0
7.756678950252448,186.68645891773843,22440.40104062623,7.462613332349711,342.9993828154195,320.9309662596464,19.57257183322662,102.72828452056146,2.8424707084630283,0
7.1042952035253055,177.57174366405388,12691.515972674924,7.1709769880066645,129.00000000000003,447.03228859835735,14.37676426574984,60.74376989210133,5.464856803369509,0
4.120550168737311,191.53163008477,12885.516912011995,6.979954608076548,328.60022093335806,596.7510259112656,13.447513114523758,50.75606431714502,2.37292472175806,0
3.783043638411448,157.85264488349333,20384.77309637123,4.667081744044442,300.04869121618964,432.4318223356543,12.701422330932417,0.7379999999999995,4.4022441460051605,0
7.138374316854361,184.7452287708936,22575.18857693228,6.9077144976833775,443.4971859301408,504.865692804048,18.503761888918746,66.13698818743458,4.144872250700283,0
2.735238895262017,171.59223653502127,14784.755660612993,7.404582502297141,351.8755075441876,366.6695124663135,10.504303376161433,57.8621568464784,3.2101680887198576,0
7.912361028113824,211.3764440319503,34808.44277996819,8.913364274633205,481.0306423059972,594.8992901292464,16.68198992773307,72.04808258256136,2.878515630522547,0
1.9142075336373252,193.1167938730153,17388.98256489996,7.702135354264007,382.0607071506439,468.9393444824816,16.233038552975472,67.8739098505863,4.217743744931683,0
2.5971934988253773,196.4320066745759,18128.90829119972,8.008076903196557,323.5521380288736,313.3618702572539,18.600727893564454,67.96437640800943,3.5020815041262328,0
6.704791892183704,176.8960327834092,28140.76815451146,6.942106755605267,263.9819226189323,455.9726269963534,16.03597987946131,40.07611272696377,3.806596292463485,0
7.521920636411117,198.35462637165563,20139.430347085523,7.177654989327613,232.5846518733285,603.0549558574759,13.773609840263248,84.81677108441426,3.110932391139892,0
0.0,164.0947437960836,9344.653322307506,5.959309157637451,349.01943350474926,367.3898111656868,13.93796786851965,88.77196932212757,4.5593366423943165,0
5.689142987663644,181.5845651678909,17589.268989836506,7.238470317507407,350.7820824050701,345.5363659173595,16.030293060875408,85.59803185467061,4.592979951091307,0
0.26393492779816996,199.06467199753385,39927.73704499611,5.454050988062815,259.00994483668075,257.96315421657613,14.24471958684876,52.61638695838104,4.059377403894223,0
7.197795991543301,168.6409754216763,12763.267889422756,6.897594139847025,206.5313597821508,566.2506937095443,12.437570967417455,65.74671735384119,3.8440132867950574,0
3.84681432776782,190.99287297847636,26895.25795550062,5.629535947044413,207.28234020444472,660.2549462924401,18.12520189926198,78.15357515554805,3.5842019158558904,0
5.896339345911832,178.6780936921637,17420.08714873037,5.292162419422319,269.0425742739806,473.6866933123849,16.437715183384512,79.47117720888966,5.0328549210101725,0
10.882520795401383,247.4532966304901,43846.0252659028,7.865780791394658,324.2437795311632,334.16606087564145,16.6611531232399,54.236592115610655,3.572343821947975,0
6.891561654773667,198.54464116651732,26240.49298150088,5.15386951765593,250.12478164229273,436.927095743398,8.634318939146453,86.81022923905675,3.5619625718994854,0
3.9047443363412295,175.5881459773443,17092.22582658762,7.338416846927596,323.1541152435972,491.7281423035847,11.705953372941051,52.36344173892543,4.316063250218271,0
6.622102936480842,196.8910612272637,16010.524152308772,7.256071192506777,481.0306423059972,264.2839333983375,14.410952467218864,45.44877694122602,5.2909207163820895,0
5.253907429487342,191.9820471074452,34793.85330591925,5.817404295782015,465.05460019791406,395.7132588228637,12.570715176373485,54.968734389691285,3.488372513803507,0
8.131375233569006,177.09531249174174,13238.070297753016,6.6787406155383895,315.43392832143013,450.718334082662,20.60357441803194,85.105892029354,3.5428107484612554,0
13.999999999999998,206.3183425480184,18752.269677035554,8.202453025113023,344.5896282521467,510.4878798366721,5.3623709055002,61.91136409286312,3.293552630526708,0
6.3131147318719245,162.33641206660948,20849.19073737675,7.086468937594491,481.0306423059972,387.9577161705183,15.04759327487966,83.92129211796546,4.126964595932531,0
11.20353190916219,179.32012281513954,5075.269201855393,8.737782950223686,455.4512337131526,392.3537323196529,16.839330615095093,76.2436227695315,4.397533101212234,0
7.293929250131249,180.84312475494775,15823.339374460484,7.72197742911649,350.0263616127688,457.5204429007732,8.857599141829951,37.7347900028964,4.403250064507214,0
6.630363820304997,186.76108783433017,30939.023213783217,7.70348058497535,206.5698632151046,330.87608284254844,13.815756943298084,86.75311749511644,3.4905875728160614,0
9.266840595087142,203.25261346828228,20478.78595670459,6.838778829796177,337.29956685845406,508.28334965083775,19.164525226730007,95.36655791743223,4.330049468785837,0
9.619456625659463,210.2612466347067,18185.050473402072,7.939888575169222,129.00000000000003,387.3302153702924,17.478161921593426,65.98950708354862,3.1731997673200087,0
8.436759028788977,242.48857976769693,44896.98411239192,7.863084070543416,388.1897248357387,575.9370182227921,14.53177738690374,50.77420795130515,2.4999101346874286,0
7.343031939773171,198.53076965522703,14037.039926614125,5.788346417696247,403.56423198362927,479.2414672033002,11.090374213876489,61.10024017318461,5.288057553828615,0
4.616438934449231,192.57400993430312,14982.30547703048,6.080029056003053,292.2632492254433,344.14632123276755,11.09000575116204,88.48358347561748,2.6343410214254592,0
4.909640554437281,157.24045839888794,10488.770936593655,6.929793189332428,257.5135602335085,311.74575705391214,11.02379955446628,48.52552498025704,5.345323940025499,0
7.709106359864045,178.81082764194483,18610.124151836404,7.734441196438386,481.0306423059972,462.2011628542471,13.888703887503423,64.84163725586546,4.235108119828695,0
2.7935732550614527,173.81671013134212,26552.97440098385,6.290279267076197,293.17027314789544,366.7187056845937,13.271499488833795,72.12983989978943,3.206995482747466,0
8.207458912656827,189.94215715704277,17447.994671902798,6.761682296154904,290.35392695475826,449.412605665234,15.335711202991718,54.946344498015726,4.151865853005895,0
0.0,193.9261803834449,14936.503970693218,7.203401351419109,309.4474322123628,447.4501082256909,12.18062590990644,60.43963419108472,4.297913885824022,0
7.968462420910905,221.3919744445198,27979.736222254724,6.572390231788684,349.6245531419593,355.7819831654812,9.98635467330996,81.96348474084499,3.4396233538018897,0
9.373954273029758,225.9721355715681,32617.124603587585,7.380664026306306,259.2052741242635,355.87930088255024,11.122653444312109,66.35965776723211,3.2328721157393794,0
5.918953546438134,154.77351651117118,9712.56066397662,5.326271917158785,481.0306423059972,386.2180718296084,16.579300724792006,65.88233541922234,4.265547138587628,0
4.134228452559416,189.81468195044715,19887.76982585297,8.115767880723318,415.92789828900055,547.0267663209369,12.958917018354782,70.93748132988566,4.893750991721558,0
8.132736965065675,206.7864480377924,25838.12848375008,8.68483259764943,346.6118492998286,472.27702558634405,11.633015233835806,64.32337409476972,2.9694339207381235,0
0.0,152.50767942316656,11398.731104759814,8.728973147860508,400.669601473237,385.3358042030552,11.67660134303543,58.600940118946525,5.444927203736903,0
6.584813111444327,182.37545579303296,24723.10629585122,6.238919727299763,129.00000000000003,414.3507509455295,17.58261495172212,78.21373786655029,4.404132196402706,0
5.506061504313135,164.49617210200154,21543.726601097253,5.983996403586644,243.4492340325093,453.88334046653046,13.33971610870526,55.75136202135455,2.77890595094447,0
6.27919582825196,214.97243510204896,36112.13463432474,7.094065865731884,481.0306423059972,414.10156657400273,15.874563602062947,71.63181778169515,2.4325072099122917,0
6.441766486400109,174.78184915433349,11306.261505354383,6.685755347769314,398.80165772895964,544.3541824633705,17.109829253601788,89.12202589718484,3.682134341416014,0
6.043286855295011,194.4453158082077,41461.31699893496,6.951665550292708,239.9119021206672,362.500414204749,14.11024905318436,58.75146343948484,4.894842462723428,0
8.19221015591042,172.29276252556969,13528.549382907817,7.354685119646224,377.4557123693952,455.0153107798511,7.242761420491149,0.7379999999999995,3.4892830784252853,0
7.24770098178392,210.2708051482752,31561.955530209776,9.080905700855377,443.1374433124008,558.5264708253753,13.415204567504873,73.62924019018027,3.3199526784805693,0
6.164449535585496,203.01647365220828,19231.68174921484,8.551278807546819,366.51872617701895,371.1675083738075,8.234264919524094,76.65728595801136,3.446401194343092,0
8.143483376311869,182.43245720972183,10673.582673737048,6.607835038589061,223.1812714640916,427.5452192006416,13.71933087818735,77.76933407851496,2.572830422704593,0
6.906574998425876,199.638123872256,15201.339953843984,5.1365988301122085,316.06094620906157,306.02397473517414,15.2127981305606,90.57901960720822,3.2827495033578318,0
6.336267097401388,228.45502800644888,29342.70975589484,6.963477658871202,442.03001434119113,398.1818843774973,15.545029094675217,92.01125691126146,3.7457248858316174,0
9.605118745417364,194.1666252984787,11275.872655429052,7.266597743360296,399.2820813381721,427.8969072501079,15.213175742008843,34.4717533623224,2.909606161949619,0
6.452780750232393,190.3213907536028,22034.95459563846,6.914692835263575,233.1009442394097,353.8976700893391,12.158055706280775,67.21240541543271,3.425065096273418,0
6.930082548200621,210.42587454794045,22802.03992956427,5.945302782503271,273.01072218234356,473.7955537368353,13.900109614714154,64.04269810729627,4.14941370966986,0
6.255070000817667,173.84022604396108,25456.274976652392,6.233140365363626,302.48877061764335,482.01979921898857,14.23510503373734,70.70436261244751,4.19419987356962,0
5.6698187738947805,203.452715436736,27244.63446956515,6.604949593278323,356.4904395395218,361.2384795958904,11.095059550590406,68.92312794686404,5.600458570901245,0
7.499844231952879,210.9850336732937,23707.46530424464,7.148518353215487,202.80041804228253,484.8433398184718,18.081956598862632,52.96746903029262,4.454476672661552,0
6.810344849129398,166.59242524339237,18852.12297879637,7.847711669399056,481.0306423059972,294.38391409515094,13.447314149836243,54.1176643228823,4.115695843709358,0
6.983133113060967,181.119529132392,17503.31222978757,6.931627922222926,258.6288982625461,181.483753985146,11.598339930991584,72.03390099758472,4.426982544371995,0
8.828326657522403,189.9755526527983,13527.989885696586,7.145967391374083,408.5912084282966,338.51245900048895,18.543500286509527,35.88120264458114,3.052822147979249,0
9.39584220217389,162.15770036445818,9225.770910795443,8.275034896305963,336.1437205128837,451.5246290062903,12.63270714422174,80.24988573739256,3.5304983249278665,0
4.916740541260801,191.46711027690293,23425.331315980828,6.857582643361026,375.1697592141631,316.422251309072,18.281754024014333,43.43324009306392,3.613212411606139,0
10.100638579119947,202.8869901455422,24518.57429735909,7.217408449597967,360.15411334226843,492.35206101337496,16.743288670041693,72.71012690989583,4.174568875723499,0
8.278752740755206,200.16222287284296,29381.93640510804,7.249878727683773,253.59084234183615,456.4706728150138,15.160640701933517,70.33705675510578,4.767722384161327,0
10.202971547604776,211.96340447145408,21708.94928637857,7.491895007649892,129.00000000000003,395.140783042147,21.520593033211757,62.65946006998251,3.2709037528479668,0
4.562156482672166,189.2614176062637,23829.79288043376,7.815124720572095,325.16737135090386,401.5516566609056,13.624148222767758,49.96080165575404,4.822883763716862,0
12.296712668093939,205.95225013932736,29743.822595234516,7.518692008798698,300.45075717253377,430.24601010708216,20.7204728836129,82.39676576905185,3.893925990895262,0
8.082657125491437,213.75517693146628,21689.634297243178,8.771784092291814,325.03426465103627,508.1164726631864,17.03821220006006,27.7020654920784,5.2471301485472495,0
9.228581629853338,180.9446965386138,10345.399314574135,6.05698914296931,389.97016943864776,397.04312971906126,18.21546443287116,53.97673372777092,3.839185400473665,0
5.273426389677878,182.1005728009528,17423.407988916704,6.815718722305155,129.00000000000003,495.5131279462768,11.558371894690367,85.86411873067244,3.5681965996986538,0
7.388518502791958,201.0577144409084,13921.146216729854,7.766494669343486,129.00000000000003,560.7747290451248,14.467094899865115,74.37401767003854,4.409053528240368,0
7.1396712562776194,183.42797475723196,16916.413537349566,6.539415890942065,269.9125810624774,363.7677138375489,10.144442744407511,42.315473273750165,3.151388595083395,0
8.865559264329308,182.0595342239396,17869.455441116883,9.83291119273741,361.53773576128486,359.4494203333058,20.209330470358964,49.15663955393258,4.170075590262242,0
8.66569208287077,162.35968676676185,3802.4116810167206,6.281552958779088,258.72380175838765,337.97282283225155,19.27070873129389,84.19258057565852,3.494032184477464,0
5.064042459574996,214.5293282929113,21035.10685521584,9.134812616976626,129.00000000000003,471.178108774357,13.333517575028909,58.19422234001316,5.122702568734235,0
0.0,199.57052513598092,25305.10293017566,5.956792225706756,329.13325487354865,287.5960624748225,13.786141492621937,33.78155731671326,4.133069338573804,0
7.397562417753871,217.9367988994451,24502.155146145928,5.919099072332417,200.8488495121927,426.0030036036084,12.263150126174196,49.50251324397399,2.4593368407245317,0
8.410625565120462,185.1837391644874,29985.249880596693,8.17800799022398,481.0306423059972,489.9043467157248,17.697765467757904,74.23007643722758,4.3522957788197605,0
4.009148128403574,213.4747063599002,20626.515937310025,8.442056505219163,318.7387739181404,337.89540547426407,7.689294407203761,77.00312053425367,3.2365700434139937,0
12.363742179124827,215.750220701636,36776.13749886943,6.669056600452008,294.11104373676363,489.8858713499461,11.180349601666537,41.7994322879824,4.754313123779171,0
8.799067500912491,196.1393118271605,10540.342277807413,6.459459721140994,359.1687216410832,400.67960209642615,13.583559306589391,45.90070579583624,4.149483264789617,0
9.268694739937095,227.0826935890821,45166.63938937446,8.075967471855613,279.7580696354296,472.2459375237826,17.01380109372684,72.60633190698321,3.14478972588668,0
6.411525835916651,197.6848791283288,19505.296944750648,8.262397946352621,242.60620961171344,436.0564852545443,12.90210860884531,40.868656806875315,2.2006782017544677,0
10.848130421433211,236.72504872652965,14036.163655600054,9.002884993024143,370.48799848028455,564.9028128454197,17.405817715350736,61.90679332934955,3.133838701697068,0
10.351742528378832,241.67179977276749,18588.30332581789,8.784378178977711,131.09590985101528,303.6881065167537,13.615947275381076,75.12989608607253,5.227609397200687,0
8.205541814653984,188.27718776299477,19902.823823816583,5.002791911930391,429.3762230231642,331.34556930168577,15.06284086407186,57.81433533419653,3.63403066847096,0
3.2331052828657794,218.4055447194577,11370.649169374314,6.866826341851623,392.8419067894597,284.5511731224262,16.09552022591805,46.96715013484695,3.266562403022029,0
5.488135468839023,192.5079836142217,21715.774408674897,5.454063428048611,320.88077285265143,553.2872406359636,13.081524178342818,87.27953747817827,3.6529914223306736,0
5.8217069136202575,220.1254225517984,40009.72361003089,6.631835991821185,357.7041189680714,493.1183455683015,12.420833844653828,49.12930147194314,3.908198846408604,0
7.4518887792117585,203.2002856113061,15825.18257101378,6.754242497007327,305.6025177394464,348.9529033524058,11.09489849242999,91.49308716392648,3.930080761019317,0
7.54434011403763,180.1197279392432,17253.336739558832,5.741253814212187,399.09181533633614,575.9221716807676,14.861906208232767,58.754980692180006,4.435514109196108,0
4.103867855230838,168.28365132507074,22207.470232223448,5.850079945096555,222.2310671156114,344.8695064057265,15.466455102163366,34.719623004715714,3.8088506940726377,0
6.2798421834965135,175.89063968887987,11582.505248963034,7.059985115035053,129.00000000000003,430.322091892864,15.674785167250604,86.76025720293023,3.278584410433228,0
5.866702734137305,159.43317519861063,16298.00134677067,5.78470854009484,330.42144307915333,525.2137906966153,11.055445949057798,79.28873961121587,5.302972731364216,0
6.730883601577178,192.43607640573344,22296.059652394422,7.450541237263744,481.0306423059972,326.3507452027749,11.82740117330917,91.98710380418852,4.359137363714963,0
0.0,191.01230860303576,9626.893206045972,6.179376873861621,353.05589050551345,271.3684374970511,13.441175369206348,92.48613979627194,4.654177334718871,0
7.362331186706085,215.63725524898143,28263.310638065785,6.478948476406654,481.0306423059972,417.6082144324278,16.55254306872581,56.39934641231163,3.933564969736756,0
5.420347746957928,232.3868273774048,25107.20862979831,6.536679802286158,232.77871839069252,473.2680964008711,10.817122515876632,81.22498270271524,3.75672017038554,1
13.999999999999998,246.2397631693293,6974.225134833998,9.812468418952813,417.9118369316284,355.53246958810803,13.33009055138166,68.38837817709016,4.1386965672928335,1
6.1986503364476775,246.47696246194465,31369.54164078314,6.218948453901331,198.39002452910216,527.0007955647558,10.522934631947123,62.12546897977036,3.5741720224410343,1
7.678945067219358,178.20054154343248,20243.08819511128,7.099474378336439,360.21675196244223,363.9740597257931,11.913203931459805,58.27370011313397,3.08954964758435,1
8.06206612314847,125.70532900057428,35381.67075872485,4.740110742938589,355.1791707126737,463.46164010252255,7.0912289574613965,98.59456046083172,3.0400314978062712,1
4.848098963869063,239.4399530627979,15426.915078767292,8.731751182884095,392.31217341333775,364.9564912534738,14.162010466213758,70.76599159013853,3.4301673233947305,1
7.169251038319984,162.47822634657382,39624.08717906605,5.40835395162912,300.69512981801296,507.0270059985916,16.559228592883812,0.7379999999999995,4.533174154664913,1
7.695049437156064,153.8097826928735,11598.682367072945,8.053642008191595,318.3101911369331,297.6758765784817,12.907350909826846,73.68874240315735,3.198879005391032,1
10.678241581248823,184.7860379024852,18113.0173023734,8.319079887725366,381.5132119281767,530.2483872202363,19.385941008014527,70.95756540389422,3.0770348929711995,1
6.38231460426029,212.8385142858631,24259.751669473862,7.360504474852797,190.43434257085235,342.58144361480794,12.332979143567512,67.7489913795461,2.881370055449986,1
6.277463093365682,225.94193462003972,22807.338851454235,7.389259611534111,382.94458145787473,328.68441961500406,13.225665858588512,50.80335294728767,3.12316615927887,1
4.542626362596371,190.26736742465988,15255.115257959736,7.597687573737944,366.1923267335512,418.47674153387527,13.31272274001094,68.94488848491,3.796737486057354,1
6.618186566692918,164.2545648416487,13776.621791774089,5.925462323451307,481.0306423059972,315.1993932446135,12.08216871396644,61.47442286838712,3.79706786115003,1
6.019939994871649,140.8678983115188,20666.410142053144,6.903524638089182,308.9849940485418,428.6953307527596,8.398237310611648,67.29095584544493,2.747027112289297,1
9.241338766959908,157.92749243628893,31598.536376742788,6.778054103989942,481.0306423059972,464.02548282268793,12.05362720543792,93.87169223961136,3.842577603866392,1
6.593174456619291,176.61282880446723,21857.83888934133,4.709044275103352,481.0306423059972,310.4359792618501,14.314281814719491,52.69795843717041,3.931653171254095,1
0.0,210.7328535918545,13671.416030421902,8.546187001006768,418.4705513025052,352.2523276513618,10.353658740835726,45.30400698332199,3.3648908816171703,1
5.1924743029149365,214.7257041566607,21093.2174086642,7.3664972021573405,291.2832715992843,539.0065206523067,14.670245600537612,62.25962323258585,3.5892516337236007,1
5.938321178779362,214.4695747933211,10815.399442205578,7.795542714404673,143.58684685416216,626.1287370599507,17.477597986636226,59.98973731103913,3.889500039861415,1
6.5892905009635125,108.69907681469638,34298.15294149107,4.949409764235758,317.6101823239647,324.59027345963426,19.49539315640521,46.05153800061262,3.181112063345661,1
7.511816641411975,174.6141336025853,15736.893958506133,8.03428389125894,409.4604578901439,303.10814585787523,17.425460208515005,90.6623366916451,2.285519928882218,1
13.999999999999998,184.0409883057969,23727.094105198827,4.964448947647604,277.6808372224047,382.8477409283204,10.213622575685974,75.56104956356143,3.714469252576865,1
2.352387948011187,194.76121497258987,38119.1855684812,6.998157842376237,333.2892161964922,436.9274171089761,13.746597926652328,60.49058103987039,3.356977981613418,1
9.611449568103108,287.370208188522,41325.44354767345,5.5172797179661845,395.02537314988575,375.7245185330389,13.97733754448518,97.85977468697446,4.32232533697766,1
6.983860438979463,202.2562815455875,11848.769729095187,7.657534113387622,202.6410773319494,486.9705425699804,16.061439779000636,61.85135771917402,4.159566509149576,1
8.370364964619357,155.5535654114512,27193.3173775301,5.791452509083575,265.40363562570593,356.5198654775606,7.832108146401822,69.41966467298137,2.746649833830865,1
8.563993268754857,166.91399143546516,24037.51049003736,7.1367126114855095,349.88527610338025,411.47846097100654,9.456473170031018,94.90112226620026,3.743703735181629,1
7.9176085954610205,181.5253897893362,15805.650152983282,7.263017971187828,252.43861618700657,291.79606717662153,13.043616800170753,77.13105116007569,3.784085381264125,1
1.614264424592171,158.20764744104997,45243.0289529302,4.064877887005874,247.1800381287815,399.7669648211219,16.086232449405315,53.502085762742944,4.108856703319134,1
7.58004880807379,225.08855450869413,31749.9243962038,5.88479511562775,287.0652309653932,503.9087330585392,18.502406101828058,78.3543406993554,3.959636523743514,1
8.473249064166925,129.2400806215756,20465.588609162474,7.212916680892604,129.00000000000003,590.9065735830419,15.292705722888345,63.93982068892792,4.810185430241004,1
6.965284329277829,190.5675212494877,18589.031159737136,7.470352522879213,362.1469773194865,471.4447687268882,13.760230940081897,90.3063097438074,4.400203468805106,1
9.939584118044216,195.54096692399784,4142.4990006204325,9.89270343964255,462.4742150404136,435.4182449652719,15.846047606081072,106.11997682569161,3.612918763485361,1
0.0,187.04328340357503,24634.55244287133,9.081880472815234,245.15040584651697,443.8433994171436,11.053924602664893,74.10818032317249,3.498716818980463,1
8.83264111562239,199.4250376532799,25100.13140450449,6.817660238042554,403.3403723659262,453.7579722364956,14.632438282320436,82.65063482137737,3.4521497364245355,1
7.33210396318143,185.41507665781995,24412.50353691944,7.253851858051997,277.821727914757,310.26197419112435,14.942217307210967,0.7379999999999995,3.90109686620938,1
5.675294715190149,228.59039232873857,39172.38964292974,6.014737758938236,193.88297764992416,330.0786127914452,11.42337702465636,59.267099212481725,5.021464632411663,1
0.0,263.8576754130175,16670.99601323444,7.758237006951432,338.21627150185424,427.811456301812,17.15196898421368,77.81069948707082,4.30405163167599,1
7.159613911959985,167.82331532132426,30897.990039257784,5.484920409928211,355.5945091770152,437.34858492202767,15.581902736375357,61.853527954611465,4.943842600666056,1
6.865568515027833,231.44505427709703,22585.78880910971,5.676387234872756,129.00000000000003,496.6034247597272,16.154963807086176,91.461708784448,4.916218246161076,1
6.129069622155112,198.02109507676929,22207.482865469778,7.387451232628129,469.2037615754849,464.8513219016802,14.028602162841594,61.44694473140984,3.837639089504538,1
7.966762553436026,163.92724187974397,13354.706509808377,7.4769692413802575,481.0306423059972,366.379543639586,17.12586347296633,72.17413318677586,4.816347767394934,1
6.785384060224329,216.6470681839032,13098.858289980222,5.565529496194088,323.7989326220436,343.97240543461726,15.238641733497444,65.61470498340958,4.677920641099911,1
7.918087079178242,175.33723954254043,29565.711107942137,7.432179521052943,129.00000000000003,322.53342323301644,11.309245068505447,70.11674608527755,4.640043009571169,1
8.53892979303447,228.75681900556123,32161.84009048273,6.961296581915847,314.1432699341008,309.6084111819856,19.218374043518736,54.26800806615648,5.53747584049303,1
10.575300953220996,163.40981923744118,32865.50952537349,6.066792957232626,317.4674988476398,279.646803827296,10.811672993221237,81.52645740099578,3.574605162201768,1
3.603346599053518,190.877469783772,39802.51491720437,5.216683161605724,288.23151787223696,365.1481515685689,13.680837721773344,91.92574167485355,4.989876167610412,1
0.0,191.66518320342715,18964.09225556579,8.14835846973079,318.9924058852281,354.10182991675475,15.072450177670817,84.1156733811639,4.600663396060018,1
6.707108205835426,211.08650294582856,10794.783898287207,7.9671884272551745,373.5718777961506,406.1985550358406,18.78167887832683,62.948888802439185,2.640246412985256,1
7.240194470415268,154.13757916696062,31144.703124202864,4.807069266593042,261.2133169865367,451.0158383336079,10.85191676865179,10.571709725664155,3.3628217632499267,1
7.031839173708415,175.46586046062788,12653.944084529305,7.836606041214003,129.00000000000003,571.8220681785504,13.216488586363935,61.08465194393319,2.725564949076888,1
4.374190733230817,179.40816823247064,16589.811554260537,8.405842292778111,317.83752519905914,327.650903904166,15.553588473560184,49.317936387097056,3.32738442877916,1
6.9623245949195365,205.18301983822863,35229.07700167067,5.088710485880798,254.72993196834415,360.0589598270384,13.61755977824788,74.62141116468594,4.526768327029911,1
7.213375388220339,213.76717628484647,27377.699775744542,6.915301472063374,327.7174080434716,457.5115872324179,17.96873601497714,120.17861901174787,3.4534388764574366,1
8.842660964531953,163.1672501252409,36525.55088358131,5.51292702438785,284.6242698942435,522.6005118428147,14.395518517478706,78.86846469502275,4.645691670402503,1
7.490807653925485,198.9665123195353,6873.559885376127,8.534328845240768,265.89754221978006,440.47119760915433,11.047455681181988,60.93598706754863,3.716367554767152,1
10.296424486998244,158.6952089156538,8721.231884671792,8.104497502263726,425.71033074346553,471.0735367230232,15.353949732255389,74.8856757713294,3.392134168351501,1
10.230109648749767,156.3881195304711,26885.834938137457,4.894281397150534,291.9186740620703,554.2213897459995,14.277102893339986,53.48194273919201,4.709676028114963,1
7.232290618795483,186.36554945989357,7557.021271321207,9.454207284082134,406.0380682312573,288.36871280203854,12.861417360589089,72.18701487275248,4.116263245209827,1
7.486780879606536,151.20259145339887,31130.21264249527,4.58407124473733,467.978635617141,351.5754113995182,18.938527900247777,53.13713188211783,2.7484287971608525,0
6.076591017476702,155.26260891944585,42617.30339905726,5.829424192903935,449.2676875055576,456.1853379930522,20.680974730110226,77.13750041038335,2.8465011985982662,0
7.3489371420594365,267.6552225456934,15818.26131979591,10.574681465514006,481.0306423059972,541.7550824896753,13.4081464935378,54.61912764176974,4.725746456238614,0
4.940807060506092,229.6206162661838,19955.71054192327,7.608653347887742,285.43268138115815,491.880577999789,11.026909475617911,85.24187346441865,3.1137643063071057,0
6.214852001172652,213.65229338381533,28266.75510660842,3.6321135868234142,316.4818585699006,483.7979676243317,15.74191082850956,78.81085248846998,4.312289707883561,0
8.218171065854822,116.06195043863976,22465.687556541678,5.000450605792122,298.85813713798825,408.360198911918,6.732793597705609,90.99326781101426,4.24644617230064,0
6.381978996412815,235.94511024999585,18982.95376301964,8.28651389879848,139.57140535215206,511.48515728236856,16.183542431277715,77.8395213926506,3.299047219076856,0
6.648005459996722,191.84180146168097,15176.290678276642,5.661662590307018,377.1390211557577,471.04712867160185,15.43828676565181,56.5323871527517,3.829783554180682,0
0.0,204.38479388030072,32951.31636864693,5.995276838047942,324.5051897180392,339.6418822650443,4.473092263860565,71.1904962773906,4.905229738605767,0
6.788987686483526,214.193077795847,21671.278302245984,8.272939791919233,337.1609267699243,473.4153778873402,15.70689398306746,73.17019822615174,4.246388024142823,0
10.067632997838077,144.6139557266044,39716.13180392068,4.503365935931103,390.9103283338672,415.0507563086282,17.658793592851623,61.490895056087425,3.7767889972620634,0
12.927990722865589,171.6950224337254,38971.05101037508,8.365578507652103,385.9537304221227,397.4417128034464,17.20160786765331,73.64699560645042,2.6432124116405253,0
7.445912891744481,137.2534265502834,20593.933717750395,3.961110718748797,393.6845872164226,520.410505321842,19.24955045178001,50.02993328945,3.302419289577298,0
7.876495131350931,250.89662136200684,15741.081627151125,8.075738099606752,371.08481388569606,391.2587936893696,16.543868884573612,59.24608622626109,3.913904716907024,0
6.021051322822076,178.2236825844903,18966.36304658116,10.213574601446007,129.00000000000003,400.56633007782665,12.841828287281714,60.87015055400795,4.661057552180376,0
0.0,193.16761116038543,20894.40049314081,7.331568423579636,359.4265371193776,417.42476631714845,16.78714532779196,38.1070046276617,3.818403943096136,0
11.301142298988346,166.696694784928,14807.413553773438,6.801860754371991,269.70758575702087,536.3369828392506,13.839296508541224,77.55032727034518,3.434798594981862,0
5.400700137691393,197.91899277266765,9968.96273804851,7.878997795573529,256.7642934554544,503.89635686519,17.408921707177853,77.38284144381137,3.555737566011368,0
7.460147818172523,221.34320946197764,25480.91841000956,6.926943239184043,404.3195518230008,438.6196351489,13.089086024524818,58.08399266178712,2.4136288515589506,0
6.709822000741922,148.25318599231414,20922.154463374245,4.633573767322904,391.7503284558995,400.3428119181792,18.330856246954568,40.49559628331304,1.6876245048272964,0
8.054893321996667,239.1397785739744,28545.355432785866,5.096893751721072,354.35890261742463,574.4028275055138,17.778014610355342,56.352952959363286,3.5243804297933856,0
7.025456547708931,184.484426519738,31659.96274454228,5.232019589230353,204.81965363015308,559.0028537758723,14.393046365679028,56.290251982365376,2.9270514417687563,0
7.614056816681071,213.6911685428284,17598.200350135314,8.13131943495176,277.10451657230414,384.0872808570737,5.051694615257361,70.83321861208822,3.4379463950132005,0
7.643578361999963,209.8608444373274,21885.503784437868,9.529227822171537,481.0306423059972,337.6321732327212,8.863614187437292,63.64692149035233,3.762162859528624,0
3.406794307852518,241.1806799054762,25696.32094154681,5.6945565709239485,333.9019891954728,386.2983586386339,14.531154759142735,33.918350761511135,4.142386058756017,0
4.943508443526886,267.5330268756116,11870.424852110136,8.877868642134331,481.0306423059972,417.412531195674,15.252794213746997,22.749735036892385,5.070841577374866,0
8.545890346487688,255.3248719121277,31056.57878232473,3.619779035217955,257.5344765179663,426.8833666605269,13.782988735849584,34.44829324752186,5.036882986625275,0
6.707016927616642,209.77880531570844,14794.41140003857,7.809291510152363,244.48708915391595,553.6444594943033,8.027568475405872,78.23717968582642,3.1656323908377333,0
5.853560600803125,186.8077507577325,19790.85692629696,6.615780733492995,478.6444866650272,489.7968883904237,19.670702716582184,65.04000733028349,3.756873895137448,0
13.999999999999998,171.4349804706243,39207.58924844238,4.71050999238572,354.44460935071714,381.6854171697269,20.21208839821287,97.41888566320009,2.8125036354500903,0
12.579193757379567,193.57715670833647,19671.35122933958,7.568896606098109,342.6734092538759,322.7356852994942,18.51158553733842,77.71030699465297,3.4815173946449613,0
7.367371852627868,176.3352098744666,16663.60250704232,8.062782658836017,340.48702451320503,354.7649403234506,10.682920902605758,37.36337116797836,3.8172151052716874,0
6.450644925327291,201.5966734501805,27682.50744557728,5.655138861771967,316.1058922650004,573.0337789463545,14.642709075413904,28.162265562078314,5.241539195582696,0
13.046505800251289,279.2324186459543,11380.298635923393,8.586100557523826,314.16260194867715,467.6280725145015,10.880027866607236,68.97517592686853,3.2562746896315304,0
7.13122185859695,165.9090202882548,18969.82488830444,7.690362628769103,422.5780457655606,510.98232922456185,16.427739333115426,47.13700035966382,4.713192604671875,0
7.002479940695225,168.95259050909513,20518.55543265198,10.135986907792532,309.2302326492693,457.6467819654018,9.812921148828252,56.92186164889306,3.352436318240986,0
6.18595116263375,174.79612335081623,22198.92942013177,7.608495516307472,222.19859137610888,479.0918450755029,13.744283776176644,51.49711210647217,5.2057243002993765,0
6.070090952233811,161.53026648702547,26764.494430409413,6.241526547787452,237.3584168741809,485.8662578948289,18.780519826116347,81.94610645099593,4.699457410935833,0
13.999999999999998,189.76165384341635,16737.10821851538,7.031423700475688,432.39115561228175,410.4797337483935,14.54546513036638,60.14011673233209,3.092816759322282,0
6.352973105397818,244.84671672623384,13858.703935543015,9.179441914873149,406.385702463749,403.5604822630333,12.520126136193994,59.046993548815095,4.155494640010193,0
2.892258765911314,184.6668909048781,14368.128161016646,8.129911710074335,334.75341061095554,472.3299947748196,16.073449231306256,73.71021795714844,4.583109838449884,0
0.0,204.2405691962767,14665.404798289434,8.581319745945983,360.3887982983855,359.6221866110655,15.163178909809176,58.94560492789845,4.377502097292449,0
11.169946166815304,160.59575996953978,49125.36008417044,6.344390014283006,409.50195321714193,327.9245608866772,14.40755461606676,64.64499261092584,3.287617331936556,0
5.986593892372897,275.88651276365454,21229.08331349364,8.9404298665849,205.4813842687589,354.1118604061628,11.783383155668048,92.22773293982586,5.051493873890792,0
11.009233846819463,157.82735195564476,21716.42369230022,5.406394013931578,382.50426351295744,478.99897267979736,18.928979048985525,80.20284499013877,3.8257700750242414,0
5.490568094464715,237.705681396383,21862.75360901294,8.96142509536758,318.17268735178226,434.38830367609546,11.66532921455206,59.775642053575794,3.9432907565051343,0
5.363999591175448,191.15047940322967,23172.28151035853,7.1321536678159045,290.70916993815774,365.1405793760971,12.679500931782684,69.07443757405807,4.018446538686602,0
6.47909256706823,180.9586671985727,28165.87256041703,7.160084004412105,371.4054069187157,370.2898376510675,16.942565780877544,23.918575411988297,3.089597302323555,0
6.396569931080612,243.7247068929595,12278.985279606484,6.7945514032362615,405.31409773806274,489.4493050721475,17.638039470034244,45.21227564862026,4.188249712324068,0
3.9639736216631523,208.3670456403241,22444.09006770394,5.404248261827545,338.0636900294603,540.8995403289057,9.980418462735202,84.57008276870626,3.5944444159046545,0
8.079348270104,149.83890028554487,20283.783628580728,10.005870764598546,383.1131141299914,355.18493482653435,17.003494952277208,53.79972017895385,2.0288751732864254,0
13.999999999999998,220.9851580503777,26492.71618087877,4.949787419534001,147.30046193525592,388.969020976625,21.08555041089761,70.26635472632745,4.875382904979997,0
9.6631590150059,131.71189612520993,24387.96807137455,4.234142963781896,157.86175345381565,428.9064317257348,18.143473973323974,65.36046540001978,5.270217774033984,0
9.61022034489963,156.9295461583656,33954.43547084092,4.639027544575495,374.76965177540274,485.37915630163,11.047843903005514,1.7555340332627372,4.961971972367872,0
7.709617350900396,189.80291386632916,32910.52518225479,5.758055530703089,367.7618581606828,397.8455658311371,15.240349413367484,79.23883699914417,4.140423756852319,0
6.081615358462056,209.05967959905152,10120.112679667847,9.406773533990595,253.2968228279918,410.5090896877493,7.996294863255684,101.1586753344762,4.010036798677171,0
8.146185794091142,191.3824099844461,20506.698417601805,5.4769487141531865,142.49556275875915,445.9312070234705,9.41690159756314,57.36364724949467,5.1779636245974725,0
2.5782491351619465,149.04284590899402,27687.73764635304,8.660711290783892,284.9457586961654,288.5176973375972,15.736641896461665,62.75730663174833,3.771305112783325,0
6.047651488718149,177.4442640966961,28633.846384957356,8.174384531897086,312.4416778822375,386.66120497092567,15.51492959307842,30.556310466560685,2.589867902857387,0
9.074922874454952,184.9150548449429,21633.721726518783,7.427380620141568,394.1965211975249,339.3553331656084,6.658138624942751,41.009282572583224,3.8404790099388846,0
7.436537226981672,167.32846550915767,31935.69070511304,7.896364630830959,235.1318160619268,398.57421484064594,14.824432884705288,69.25278307869806,4.497629168137822,0
1.639852537123639,259.6710409184808,11949.597925537042,9.435445979542637,279.0010038469318,469.2876307016455,11.752420840452828,73.99704616076042,3.458352213645405,0
10.584006874933575,230.4307615756412,14916.98609089982,9.618516474148274,176.38361578174894,379.1728036459872,28.30000000000001,79.63306397377048,3.864931034905198,0
9.475316259695344,149.55808879463473,32568.153500291777,5.333859971931111,214.83161700708771,436.2031127591757,13.927946267614118,71.83405762909585,4.701538331428024,0
11.213926601587948,168.96302590875112,21030.234531024977,5.564002470746845,404.3430765072107,440.9520713952589,12.35272153960426,72.03364435651835,4.69101750323518,0
0.0,162.93537131630367,24916.62558501237,6.374495721970132,388.31272507290623,494.2887842473437,14.29769574996601,84.80296983484982,4.301273480741873,0
7.296516318591656,253.66203707317788,13568.271200528505,9.22860285580914,256.08951680458495,554.5736618904583,13.71173746935483,97.71404890137126,3.067033981302946,0
6.530796123720997,138.00767163256225,19174.593250226982,7.347951525848736,332.79655686593037,490.644137652196,16.33794928954933,3.9824658583915946,3.181634909261997,0
7.774645242924598,194.73385836416105,13829.939069948674,5.603120373679527,353.0591120068922,321.90568103150537,18.870938839942426,0.7379999999999995,3.911816766224265,0
8.107500138616412,173.66467908014425,27277.57996373848,6.643620149461161,354.03729316839826,330.21151529066753,16.25700237078837,0.7379999999999995,4.647800627368438,0
10.11096605921656,165.73795349571807,22900.118250642405,5.735689156908452,379.3749332159944,473.8049105142925,13.082871746601768,63.03516288847686,4.069165566663121,0
11.516851930887608,247.1640182695371,18939.61646068367,7.08637465543505,305.0400259353043,419.4530876555296,12.7581140625407,60.31920264446502,4.287440678130007,0
6.277277371274439,148.18601327640698,22916.572241773734,5.035633211219156,481.0306423059972,474.61795358236793,9.60415496471461,61.835711672536966,3.6193211819201823,0
8.00637329840415,116.72512210866824,45041.14913877317,5.165292400412609,292.4415310809822,367.688990583101,13.425164731026086,87.38198133895787,2.396505357833779,0
6.2341976724749335,227.56086679477545,22195.21038401363,9.45559835604323,161.27913770633086,351.18010062318496,13.03976400388592,63.16396948314785,3.885492315509884,0
6.044513029512341,211.57737796822016,30191.692456948425,7.714291552401924,329.16701782717143,431.0964249798755,10.61983085189155,77.69775737027483,5.127778325324405,0
5.150456539630286,186.5608458950196,18655.541892184912,7.024306505365624,129.00000000000003,379.5379368775442,17.604066458207,58.8319690014642,4.14702894652348,0
4.944109531575985,233.84662080654803,32496.640216272444,6.637384365361294,347.9864476869224,424.64977282821707,13.027999830820704,55.98397316828474,4.296188762920464,0
1.1127283035421804,216.2716236550611,26964.317180879967,6.383548319848827,418.4942436177372,573.1595906724139,19.89268025101876,50.1705224989106,4.50102454017249,0
6.600562161931345,250.62347275867705,30797.519998954,6.381452049489837,154.1286168978861,338.8141646384995,17.508515963288062,74.72782068522271,3.365174439747456,0
3.036024029200578,240.98418696724173,11429.201199049396,5.515977391526619,267.6808262005893,323.1575174964745,8.666283307777974,88.67926504506677,3.802426744491779,0
9.393891652231943,252.73924846918945,13150.207458747062,7.166592283226883,176.57382665934463,368.8346037482148,14.397392942571344,50.77529346522603,3.0485658663001405,0
8.337696200697742,168.46918072827563,30969.047593280786,5.452161832344376,206.7010215421788,302.4223184971019,14.529864109388429,41.39276824555531,3.454197456668698,0
13.787317128796964,207.4268874159215,11963.32371638583,7.664545655619431,325.63295978892376,502.0530009765956,17.012856222568075,64.49982558186439,2.8135267561051323,0
8.613698594883758,235.94443585614465,20862.455870543392,7.622564839426024,378.7587147642725,418.6975296431608,13.608075134473095,38.60292675136714,3.949220098875637,0
9.513533254898803,164.31710176471486,25236.70131646833,4.365238215077409,350.584345398565,413.6922246601988,15.421144237817488,45.97940190915759,3.72377603814946,0
5.964065359871277,241.030898500634,22168.331560676947,6.208117841853625,233.5575361073623,486.5168842205406,13.172989110331628,64.7192398858573,4.696720853415239,0
7.53205857980722,185.50656272621129,24454.72586422593,5.791102494032696,294.89433598720103,393.9718897282936,15.070248122428268,74.78064301706664,3.8085699230100247,0
7.233538435483265,231.5608322393944,16621.494788968663,6.0730409069883,369.594843830802,475.8216448594685,8.688714873315973,35.83396852956144,3.679015067771328,0
5.103848087498734,202.8111418772112,11900.055202795736,8.948087687933388,367.5334525202398,379.5645635605239,13.591857817320658,58.82255973845024,3.1538002186878344,0
4.824472000114476,115.39297941167531,46077.35848526223,5.289306681961538,437.5922998268262,422.0173564256122,10.809631953564008,53.61703537004023,4.212510849647721,0
1.012875011875394,207.3910966678952,25110.037626373865,6.329791070459852,345.5926344737984,420.2191036459721,22.34641467115887,92.3277602148874,2.739234987146461,0
8.099883022610392,162.263688336678,28790.547684661266,7.621234063423778,377.7193866691482,364.2735781094777,14.21009080086344,99.11860137790951,4.476991214592083,0
6.314077469750392,124.84799173949948,31114.635652584744,5.713940403721395,342.99535841395453,396.6729763439833,18.42322647037764,73.10199734589395,4.363865762503175,0
12.221554754814385,233.6938371821016,17317.68725087593,8.94650419424489,264.91604619167606,311.9742338887706,10.749106681758631,108.58941437566844,4.241935682799888,0
8.822610383759214,216.4325760421317,27109.23965235675,7.322162833445709,141.49302109318234,384.0185470136109,15.955491061242526,78.82888343023893,4.415596156287389,0
1.955501511203778,169.67353060135926,25541.152765221417,5.457299213311014,393.2646996081426,359.77813414088587,16.82030771639961,60.376041382505264,3.611330374366964,0
5.62638517209158,240.13457185335577,38097.32979626167,5.400497252176246,306.92279673252153,359.5763336209988,13.514886515832416,72.7710171921469,3.2124926934616096,0
7.93730914724428,205.3041488690708,12190.171601534148,7.04483301062803,313.41170753724623,374.52319699753207,11.83831293786875,47.65364194033662,5.026270726028191,0
8.895604294289457,187.6134375765952,13427.06859106962,7.317569734064269,129.00000000000003,507.5674883228843,18.13769052737769,79.34988133876723,5.324638004849745,0
9.281302611348124,215.90762487437595,36622.22860622794,3.903496226139543,243.0551030474252,383.2600282040939,19.034877385803952,80.31759654634227,4.069976588751361,0
7.456250785416918,226.53828873349204,9163.294448141276,5.7262235902026815,229.78225151355318,417.1252096653624,10.066075647918751,67.30422418924053,4.279697427788076,0
7.0882509764340735,172.68929992342407,25399.109005649178,6.941216656712949,355.25307889930104,298.6717593898317,13.637782600716491,101.49084202210646,3.2306454361995462,0
5.648628537607859,167.03009718362142,14547.885478196942,7.735347786205101,200.61292699549784,347.79232061117256,10.689768776966218,75.28868753076323,5.370004183346351,0
12.829292230931566,173.47418591742104,18318.72037202904,7.597653599377649,282.59811917471865,407.6429622770386,20.200592419126,79.10401879770767,4.181264105822968,1
7.559852309769317,244.29455766552144,29567.698929375347,8.647879532681598,427.93355138238576,278.4755858510434,10.046943183142048,107.61080622987026,4.550501006088248,1
7.040394956072289,199.07921689768293,22505.518596929374,7.953572278990136,129.00000000000003,531.4766664656818,14.690953877230015,58.41286016654179,3.93191655326223,1
6.203572848208437,139.12908302130592,6698.239095162861,3.876812714975288,129.00000000000003,601.5261669886679,13.36816453958977,68.29868905392219,4.305549361837694,1
6.9639793510478585,180.40150602930817,12878.176353612203,6.424098532500371,341.14244757600886,358.5164767719204,16.32962499884377,66.30262948798031,4.489870473182842,1
0.1531018298231997,134.31115980652015,8076.822282595229,5.322111986280421,481.0306423059972,599.6145352913743,9.253350628665032,100.33566495591938,3.3739365078527763,1
6.85144260294889,197.33955943396484,15349.142584940451,7.446411726791615,183.40116818187406,373.5498674419218,11.367274976235592,79.1558219762784,4.93555654349587,1
8.016418374611582,255.2594925548364,30854.83046842261,8.761916272607,129.00000000000003,442.4995320422278,11.094202476804584,93.2742324692804,5.320015455400856,1
6.987335278958937,224.0344172531912,13505.033116054752,5.871179933197381,341.9267936891971,479.82549659009305,15.921412546128408,73.0642183871089,3.8702927815710018,1
8.116350275289646,224.76350924551497,16514.60809225703,5.290690952756556,481.0306423059972,416.5966342435125,12.063501461366512,91.8561563729144,2.5260162359182696,1
7.512361216121821,224.4716540979529,17895.55658532868,8.635030814299633,346.98336226306617,472.3421246336035,13.848388523813467,74.5829810297518,3.515802547219812,1
6.415108471708082,192.4279651042001,19310.0620106098,6.84530049098707,351.3033062133852,529.7303121271815,16.02143865575721,62.53355679247351,6.073006014096297,1
3.4046261068496557,179.75670785471027,25703.15520088736,7.287310207465927,234.81523040454158,311.0930645090889,10.23827086656047,42.07531453171553,1.6597993845044374,1
7.682923444847809,217.78893220939432,31150.513421162406,8.02166779412743,481.0306423059972,594.7025457573734,12.194231571451496,77.16978862354338,3.542731086958609,1
9.607573946972163,169.77547524436926,37273.42922304459,8.02782988155462,240.89762892316972,454.5437654967258,18.621697823314207,63.51951580858282,3.5737411060993765,1
3.336326517719587,165.89296987094804,11566.875547564368,8.326154937372975,368.02773344660466,369.2897773449237,7.401868176320761,66.68694980884946,3.603089689088135,1
7.362912867202151,180.86780067633327,20430.90669671211,6.664786369078298,318.40753531202313,437.3895262513468,9.675166667451435,69.03511345372613,3.2494398781740013,1
6.1491851735534615,150.56359352557246,20596.39123095366,6.906910694445656,243.68357179574735,431.6512829698361,12.829380169701778,64.3949065970703,4.275614874442733,1
6.628427347390652,215.2455320998125,18059.33085188565,6.93178668550837,286.74827400026993,374.4550617555522,11.621074296685151,77.94082202634827,3.4052786183334085,1
6.8096445151755205,179.71952057407606,35001.14479157665,8.68198346641416,372.28489783696057,360.9328038247744,13.633349739679488,72.7179197709288,3.183803571914326,1
9.829074513479341,177.68535582188017,20325.70213107957,5.849569808293142,353.6267682162175,279.66491975858423,13.964321206474096,44.54298516731527,4.032267338593523,1
7.838253324704498,166.9229798333015,21190.154942897894,6.589980490208456,285.8993854790752,410.6882968730245,15.290613747600446,75.59522222134866,2.505464026615983,1
6.084360116189226,155.27142514949526,27310.060847941597,7.817129174994377,401.35938494863296,436.9889344088214,12.657512470315396,39.77168102268361,4.298110919527294,1
6.207725039972209,205.23519375198808,22613.29748499291,6.485809596531018,266.6393835960964,313.0096388778709,11.623604636163977,28.400877340105264,3.978495493860283,1
2.782714651221318,142.27741265590265,21208.61828519181,9.502685366042252,319.1083269902457,429.6901556789518,16.29271779778753,58.962902387660215,2.60151758888062,1
7.553844615241808,212.26444113154653,14319.401369905912,5.793011891235034,362.85265384752256,450.5359095235472,18.176482958371025,124.0,4.374563849807857,1
6.567759613267086,187.66637871991557,20156.5786232912,7.298510420711607,229.16223547035088,390.4268890867899,12.353896191763738,85.21436888666608,3.824428038818539,1
10.197855257873336,203.05430969808265,20106.106839590204,8.682329560365995,351.3356961240841,346.0305439247937,11.55630173550719,62.951527374689874,4.704273494634856,1
7.085095882764062,206.67667525096027,21823.09425610631,5.889945335387532,129.00000000000003,387.6181111609328,17.679898313020942,55.02328572689413,3.932839292719952,1
0.0,209.75195477571373,20214.21655170465,6.045077938233305,323.78838268143306,539.4647233811894,20.278989743745623,72.73520685768216,4.258488736618552,1
13.999999999999998,199.8458747722934,12635.367703570148,7.886383490971209,332.6151537639464,293.83426449669423,13.217536037328216,54.54961803518716,4.4805743911383615,1
7.607916159877437,204.7372919371708,25680.71738836721,7.98019274322726,318.6772727355551,311.6355739249564,20.37683816788217,69.02052991972698,4.323784880397048,1
13.999999999999998,129.88329651550774,8906.975623139486,6.827900879738104,327.5517886889327,525.2247169516716,17.65741087353132,32.185378220561205,3.842113986103596,1
0.0,209.8660948423143,20116.91110305269,6.941061732496098,370.3836938940177,338.95719825490977,11.34256197103224,51.15966920795002,3.619545637398924,1
7.800421288908953,210.6703041646953,19873.300917970748,7.284675601936172,363.96800648147513,448.5956405072785,7.024747096163139,55.80350264560207,3.3459103817138685,1
7.264069096752565,216.6223921624056,19412.11272261369,6.93245793887396,165.91253536309506,301.95355082979233,19.21099080331157,67.71258467249298,3.9602821137582938,1
6.440381622997931,200.9699224107824,12700.488038605892,7.713783211663833,395.0903643033471,464.024916987614,15.089339139885285,63.62456530163335,3.756100422662207,1
6.373288071168332,180.95890483421687,17502.87944209258,6.4716394042567735,367.7325204343055,411.58131001502375,11.598645594155528,85.90472517039956,4.538108781438108,1
6.918062437943979,188.912864809962,14052.446111514224,6.192192751461062,231.07204164560594,338.320839811328,17.860100804426793,66.73703060684957,3.566298461651997,1
13.999999999999998,192.74227526698428,32349.10237770703,8.750629518554229,272.08505722126057,581.9811911835134,13.583036092216505,64.43604613167355,3.952594441314252,1
6.550877192685638,145.80627067243805,25070.0087387663,5.716378673091186,285.2189427318241,369.61308408353386,8.65476478425677,6.830200121847566,4.824825939065864,1
5.145843028432098,237.08394825431665,35434.28006200042,7.617648684118439,381.3375271741137,365.0325033529768,13.45387219547672,33.439867711155,3.825936697459348,1
4.881084258982815,212.70533217236488,25626.4810500146,8.590184463502979,338.66353475458294,330.2533753598524,11.05283836852584,64.47200138337337,4.219225568669436,1
13.498360161434034,161.03897105056376,25583.492008523008,6.796914143516417,410.2849204093558,467.4799009842726,14.105554082441074,52.3314622505262,4.514174613415019,1
6.751668626808021,176.79315210488272,32040.50566943677,7.931912957521163,395.9761920195506,467.1483718506776,11.214907739511771,47.53239549775864,3.735173416038589,1
6.542281786808939,146.05538349814557,35965.74458114088,8.57867798842011,481.0306423059972,474.0077154867548,21.36638658999658,54.12734214749784,3.794055432721665,1
7.499844501955668,231.538868280166,22452.63556662493,7.821007462504359,385.86071235122097,380.9990976356813,14.338248156493592,73.99726191199508,4.663869576482976,1
5.7637728070588325,183.07362857774297,22025.69660620265,8.952895934078386,129.00000000000003,376.5813885225825,10.54739835050492,63.29975681311175,3.253200106695462,1
6.116023979953149,158.72890135461896,22481.027318227305,8.467065245069403,278.21424620599896,458.99293585127856,15.495284143231004,7.27053149164855,3.98430882860984,1
10.957531272314425,255.95359928258975,15097.024064230003,8.48242112016667,361.9714189267742,471.4774190350361,14.57093188862808,40.28729832241889,3.2279407989275133,1
7.607097457947586,108.91662923953172,14476.335695268315,5.398162017711099,281.198274407849,512.2323064106689,15.013793389990155,86.6714587149138,3.895572062268123,1
6.615350134913252,179.24066130111862,26392.86361186488,9.309160026750972,451.0003869882287,496.36356153263193,12.78659536522008,78.26236862036424,4.453443264734048,1
7.459124173217744,195.02871681275272,33173.49940936154,7.55137398404527,129.00000000000003,534.1669972042212,17.334051538536812,38.368068089309865,3.5447515214258827,1
3.3182813192394596,221.6731342740876,32269.504938120437,8.765237910488041,303.9617387227378,357.3585666063637,12.81974055626307,51.37423860933652,4.8048285673375855,1
11.706478660146411,184.74139408542192,32328.714811575148,8.396586913768282,292.93822065534715,617.1447939880537,8.348506271886606,51.45707430707903,5.493180964193986,0
13.512431807656316,174.91772428724832,28990.787882222437,4.660411232545453,417.3402677215761,468.8429845012202,10.018237804994271,53.347047635927865,3.669056835904268,0
9.380007092014502,166.26975665274625,32471.45632350266,7.342534658664355,481.0306423059972,498.31306197045353,12.779885345815046,56.7933172654129,4.5662536959670295,0
8.998375022679106,169.22832999463995,21790.01089646696,7.923357067172723,481.0306423059972,436.9215083080912,18.222194953986214,73.21787543722435,4.51693298505062,0
4.348674993039846,197.2763640237912,9848.035582779446,10.810937986927549,219.23574564792392,295.74952523058346,19.958236153233088,81.74641790427917,4.3609500512264185,0
7.25793099486329,187.76562168454467,24354.33517494322,7.196253771158073,301.51892513900896,346.2917846148322,10.89295271743316,61.56116613508277,4.266922561350852,0
9.68047477847056,199.53166641444443,32916.331477835454,6.127804339882635,129.77618684874247,461.3000945985408,16.10967825723486,76.543838624683,2.795840129760072,0
7.378342550707248,184.9937314899284,19764.62744497329,7.505091882742817,386.8617520784859,293.47799814332257,12.934159501881652,44.78795084345522,3.0179849706530693,0
6.8117022698952745,261.38956520810007,15149.489870972233,7.0561071672969495,285.84972973661854,397.7871189026717,11.993515880123653,66.25764932881599,3.2750084075928307,0
6.96694296188432,222.890265013408,25441.05612229293,7.383783243231286,481.0306423059972,647.3499388419574,17.391282497995917,38.73264681496417,4.356931132830452,0
6.2106476062546205,192.21673841027888,19330.035764975924,8.79288608641629,481.0306423059972,401.3832641880552,18.22549226740699,61.27421598577666,3.212123979887552,0
7.341547112170922,187.6724024235932,21273.45706642797,7.784003063151442,231.4658087628681,332.0842933832068,16.842334088885025,55.01915102209801,4.025643695758845,0
7.05139642582078,187.41888264224812,15423.387277635946,8.871523756431515,341.56267334347297,561.7907604656172,14.280606703860483,47.23449752278303,3.17209111406215,0
6.642613909578337,226.52783194423617,13730.259117124957,9.060766955581316,257.4594811240221,275.071712253359,12.77922980576028,124.0,3.8077207988215465,0
8.469537299759363,128.62007905441806,15273.049287387006,10.725523601983545,446.08045667787565,553.3462601817421,16.930868218048317,69.7366881291891,4.1495532982566425,0
6.043212070647804,151.14832194256886,24207.081673345863,8.414071858453845,284.6912296275913,410.9092889320161,10.085050117572392,107.58596693376032,4.196726496344011,0
2.770639130982789,210.74470824548973,12229.298483672364,6.95098095552496,387.388825936174,422.02707162642326,14.680843785196773,77.3223296921135,2.5167691199719173,0
9.68726002786018,190.16286912484733,18752.576402797044,7.073006591127787,369.9083174440517,461.07020926238914,9.10687316460644,64.22824871229284,3.085835467046804,0
6.527440589533234,181.0729953680779,22444.0817773994,10.474976873226549,271.8627922546852,351.06378758695115,11.996365138774024,106.22694699722999,3.567180516708776,0
5.543319795770061,193.6294862689193,18753.211763658328,8.685011669004567,327.3406381003838,478.102692765685,13.172901550882044,52.67395753254922,2.3734376939287394,0
8.289224270217973,191.85880507632103,22526.27975320522,7.979154754697431,300.95498442289045,292.86081668296544,18.003678678623942,72.57558072146392,4.291001305314759,0
7.744098531468294,219.6587223115468,30809.705704277247,6.790681061804655,447.9414839711076,405.03224707684046,12.758777113920187,70.37182369356944,5.104188246479326,0
10.354743335385947,214.21606032508004,19026.67284159868,7.634724094135441,325.71445348838256,421.14027833506174,16.82573918617902,74.62943063178054,3.9868823350112574,0
8.722311224490616,145.24661756982644,20256.353065853567,10.651998476491126,288.3523762209456,612.3279735265342,13.053340105655025,94.8267062132825,3.009289196450496,0
3.717703934990307,183.34943078375213,14841.24199556939,9.534969961286142,380.7610908030631,293.9175990871633,12.94229093098062,112.06102736214692,3.7802587309291775,0
6.071183421975166,138.22398341526616,14852.53068032341,8.09354088776789,451.30312909194816,389.3028091908815,17.02353148629038,100.44093991534476,5.036334153688545,0
0.0,165.74022922121148,19919.324588818665,7.278151485586811,351.96505382122973,420.12071292258815,17.776053404705294,46.00234037719788,3.4280959259455384,0
9.135451943607052,233.175331581918,32105.2871154118,6.749696269654325,259.7839433789338,370.9298085000724,16.334776289489753,68.69704208002904,3.6436868025547455,0
7.169901162666252,180.6805980896203,8692.538151660434,8.671792922162801,396.5287539986979,534.3390860240023,10.29978689572232,87.65201500154626,3.9136018398050982,0
5.706130889124347,199.1178269297172,25815.609090216807,6.3835454731196695,413.6801783864684,483.8240890399845,11.637606834539724,79.47397741028497,4.3263943702932135,0
3.715171359884693,199.0833926307596,15900.79714505642,8.56119827965195,291.1041670402553,371.8471360273854,11.973577231683803,120.61470708153726,2.353338140211447,0
0.0034714722111556517,219.07464565263655,31044.73818002603,6.7723267260528495,263.90053754071926,411.47115105478895,16.208927936228747,70.85267244163853,1.984614866576952,0
5.514747799369536,228.73592374421597,35343.628580103046,4.346608361511919,304.79430575154254,526.1123808132924,14.93098206295258,46.78050784059714,2.798158401578891,0
8.99343892206328,200.8398943783465,20743.348404224074,6.905988081161993,264.6435334809822,450.361719643501,10.20915260559974,70.49560182837315,3.8089129537722095,0
9.580110440009637,190.38260391699407,30524.093790630825,6.37544925329764,387.6686088396168,382.0567584065355,19.195321797352847,73.65780571868439,4.9383891935347295,0
7.149084178381294,184.0200288412756,13361.226016338913,9.25865630203082,335.0899933800422,467.4441542325624,19.58192561067142,80.08423298984718,4.411057599911063,0
7.775049500982394,195.1787420123434,22329.740079438463,6.1051297623663325,416.94919433972905,371.6158604818661,10.964182943844207,112.73347903078275,4.699482755916054,0
5.168340328145769,206.2697551936293,17914.340231015696,11.240000442635736,419.17093390450975,357.6969709312958,4.902888068022662,72.08470049052086,3.841162624787827,0
8.172137378196625,221.12696274359504,27158.677734100915,7.875936707444459,274.65878811634315,472.09608968637264,15.75941741316194,35.710401965042,4.688955206670496,0
5.68955434379971,202.36472287563035,17493.65042433673,5.520355820916684,385.1973552551644,479.2378524031464,21.69297376244941,33.391603221727834,3.732170265260264,0
9.814247468572583,177.7122169122115,30575.94690238904,6.393927190159396,273.8089566592657,536.7206320402404,12.339004217343527,46.259048489496905,4.317531286512946,0
4.06137670523708,179.15495640317573,18282.069275890364,7.874879211027755,326.1868555054351,397.2211508502477,9.438369332562218,57.85107898133764,2.7578568378969397,0
9.149126710275947,162.6832745067215,21463.05918843012,9.820674940153468,404.739751845266,501.5669017618129,15.667044235864635,83.69155052502879,4.8056412110796805,0
6.498571211804238,146.2503249373279,25623.34054925668,7.307749474382833,395.62972705522793,464.1846060803089,8.354867121289885,69.00157465882756,3.582882368510237,0
9.652330305622257,209.9532784337072,18668.36382633084,4.453252427104045,347.5816032204693,479.5613624607629,16.092974892316647,68.79917852390452,3.772078072624743,0
6.7440642612684085,158.53483101484937,16304.52891880814,7.13391347576691,374.7811861728697,514.7485244986723,9.333898337083554,38.54231046477511,3.53412596272367,0
5.972599968396598,186.46746988851189,23124.577975713863,7.012553710587552,388.37578793928844,446.21935416444666,16.455403915331942,64.68881455800407,5.164944785353239,0
7.010243375540365,162.12324040177714,26395.248778032088,6.622597494925503,259.6904013027587,574.5814343028248,12.277989186389334,51.62869083755972,3.279006327178673,0
8.179890443104444,258.9019393469316,17291.61825552052,5.184409630726957,349.26684972507314,434.5042382843434,12.813027957164252,51.09571104791922,4.295737731458633,0
10.35908374165729,162.5126840585969,24642.812333336464,7.267572785717366,330.9053704120183,414.6507252267695,11.583353447016464,73.94618571026848,3.215740139131738,0
7.950816583814905,147.11791799155105,20827.917578463774,9.22612501732255,417.50598200850925,474.8540389711886,10.714240508753846,60.2555191185935,4.543685406277425,0
7.1170161750297005,204.25826315133577,26321.689194583465,5.937495763480278,371.91109546423036,487.2736283493671,20.407808544003277,70.34060079510004,3.3055877980979718,0
9.58118852272883,223.29621639654195,28292.780318432197,5.665430735232903,481.0306423059972,398.4793172593071,11.350768174024608,44.57411986622387,3.9291775435011354,0
4.860675655897483,260.8450392750325,11803.73549991596,5.260670004788063,336.04045183957794,424.0584184106429,12.318942419694224,70.20332536452862,2.816074739189638,0
6.448971089901665,237.4610992410309,18736.190901684437,5.5998703419812665,481.0306423059972,235.0422834749786,11.54547699566666,56.71550955469331,3.759326201339547,0
3.851692121154126,187.8732835139628,29532.61500346444,7.981036898934483,274.4933954888678,469.1321168532849,16.169211703512303,78.92552710205408,4.586748358609115,0
8.560611922740295,205.33854557594853,25142.73373834488,5.63950107310841,296.0912731919874,528.2800235575677,12.911509226527585,69.5267180012222,4.894829651096215,0
6.704431913040398,148.84212929868846,13329.03225273805,7.118465402791268,129.00000000000003,403.4209956952543,20.794371326187616,70.3461022899478,3.3953317425857725,0
13.999999999999998,194.719185856794,18344.06944411374,7.611836667489034,129.00000000000003,320.3560138880175,12.333237098190068,75.11488817757397,4.515322333911783,0
13.999999999999998,168.0424650881038,18564.37205508863,8.562156382020357,345.20522222021754,419.1315765130688,18.45989019837691,59.70020966469975,2.9624329710874653,0
13.999999999999998,229.7253483727581,22444.55941199828,5.702174922988176,320.9900505180545,389.030888830567,15.501543001708969,34.24621224423042,3.8511542403564745,0
9.729453817097536,188.39502336670628,21875.21639673696,7.141372233093124,408.8559023762276,616.1213402260436,8.974388438166613,59.70801704823395,4.123239478994038,0
5.48605860232047,186.69563195705484,16639.215178592203,9.80777955515082,359.4761592779966,355.94243139204485,12.254261935458658,22.34433431743659,4.557707495106894,0
5.811919062443335,200.3086525684629,25355.99892143761,7.105245339879502,304.64808984573074,394.2460613156858,16.06737625068854,77.81098846170383,3.279888338014177,0
6.304971659666424,249.082600568296,21046.4485168714,5.456272596511144,330.9329170029817,334.1786520352375,15.089082547901056,52.79168869928758,4.221305733897756,0
5.941265555962168,179.95486155596774,26562.447179006183,6.803287747270203,385.2776324382603,431.969182207496,14.632401374105712,75.43402881872822,2.227370875365405,0
1.3807237913329666,153.03510777751137,28504.997507756485,8.425497503748904,226.33524212417376,346.311158574068,15.13865348444483,48.384960463149554,3.830883636685994,0
7.711132206865988,159.8328806823577,23917.19014614395,6.781576021609511,369.2238515470577,472.9271937896435,13.89183404798871,85.75864536490278,2.8576872045024406,0
7.679090583265879,204.8599935748639,21530.316230563425,8.185399540034222,229.44640254093878,445.37094397090425,16.31014592596989,78.01988843085404,3.186823454952539,0
10.384062431389248,163.9572402153134,19516.89804220056,7.178777063568561,393.8409174720816,587.841580613715,14.842673498687418,69.0068562790257,4.169924018257802,0
6.714862378221963,236.5420505668533,33197.15052685147,4.958516929930555,331.4845300780504,402.94655743700014,14.841181957533706,69.18363162138775,4.593763682023074,0
7.3496533769711,235.2108763442585,20443.135054903632,7.177789422279594,297.8061241617312,305.4173061302032,12.831113487129642,91.09267676501344,3.861684092322543,0
13.999999999999998,196.0829665492429,22746.06165910846,7.702740471830356,325.47842273693664,397.0549828114716,21.09160235771384,51.93901889083011,3.713109663734641,0
10.14708957613564,177.8213114607707,20642.588720232707,5.759743878078276,381.7114756768816,487.8788563196209,16.487322924513933,48.58901017075846,2.799440618470093,0
7.940646963676027,181.77130685975396,15858.77817579852,6.849963703669178,148.74195342262934,584.827154903463,10.590136680569742,81.95718860486133,5.431836700227226,0
9.232828015094881,197.71363866252125,31251.643732884517,6.252423060919634,392.5732151893352,322.21762886027904,14.27172241262457,74.64426779380567,3.906526284947749,0
6.32304031407478,227.5539717205093,24463.13741785929,6.261933698765704,383.1109512136159,399.9474526601608,17.912652389297705,71.15122246346905,4.749424236071901,0
0.0,170.29142616212306,14550.41700543524,7.847403918285845,395.4959538839071,486.3676932685301,13.797577736420635,51.41590959077508,3.794033112326824,0
6.645657377741357,170.26971540321037,23432.109730480184,7.066565050078192,191.0457652802932,513.364946339962,20.26467843539706,78.90088800230076,4.17065776273292,0
10.086771239804932,189.73237907073303,17572.547468069417,6.894730553382295,136.7988645026399,416.6410807669689,9.477756060389028,92.89217839523802,4.334122045645791,0
5.166225969826906,135.71216605504182,12060.0095271727,8.637097862227549,283.47334577849057,362.2172579006466,11.185553890236122,76.06706376363735,4.608319394330376,0
9.49455872615755,254.5344570469867,28492.170509136435,6.113607757078626,129.00000000000003,620.981005962607,18.41795352919405,65.44805658581268,3.631107121693928,0
4.400509038627463,119.33403564526418,19100.087123976155,11.75390365748002,481.0306423059972,328.399763492733,14.912108679987057,49.356509229324985,4.010809122979649,0
6.687749780088492,160.26096401709364,17786.763300483664,7.66037647163007,279.5612748461532,247.91803052825009,17.43949276551058,86.85669568419672,5.559984936815951,0
8.64163407535188,206.34197308864677,39557.2555330711,5.99984674037831,290.575996411019,345.4893818653109,14.708602719577073,43.221282095848075,3.4166252445077263,0
13.999999999999998,219.67426193471448,22210.613083285505,5.875041088125667,129.00000000000003,398.5177031387568,11.502315629592148,112.41221043181724,2.9942592099578635,0
7.573905933368074,206.20420161718997,15926.426007885704,5.52466619583519,192.99994291150952,457.63778639605823,11.550620318737115,38.28078548238474,4.410729144201569,0
13.999999999999998,181.38971584951216,18908.628257731278,7.215349522969699,325.9008185961469,356.16660206376963,14.782836732215344,93.4406678564913,4.013477061980527,0
8.2193142161877,234.51184865784444,19038.90190378509,6.795915800353815,322.89626098830894,437.4787786316009,18.108364528731613,66.1332290749108,3.514096506406704,0
7.921827641323347,222.9806296261087,32237.24543298235,5.924658815394148,336.6527027401045,526.7760805918508,9.842433246931648,77.2419841747706,4.006631571280796,0
6.512239644597469,198.56467724815883,21626.563118526537,5.89710430228538,389.3369928368308,296.26078440075634,9.177841644977832,50.524180925284526,5.425794714477963,0
7.388292038904119,178.34405979063337,12928.64443298091,7.830295183914766,214.3376999152785,376.4888875499474,18.113484991784844,40.40197837045169,3.846830261190497,0
8.388322494203614,256.2340072070164,16795.820484218326,4.143519242877235,288.1188061329576,333.94619660685464,10.82132111389376,55.19021919784181,3.85477151639589,0
7.393977956767953,209.61921423329784,17939.704696020402,7.233735968091231,410.62287552711996,349.20962279329416,13.57934866572117,68.15246723872353,3.7827275813713945,0
7.754469361888615,235.78979410989453,21983.559072561075,6.061283795437185,331.2729192195572,441.21619333833206,12.743569726153396,66.89983266705296,4.494459701511088,0
7.094802142633516,222.5013059999337,30045.36774143468,6.664010111452556,287.1286229082896,531.9594623887139,16.16294131604394,46.10095925451982,4.084660032563328,0
6.381719579700289,199.63502766045588,20453.81650131386,5.848734854157878,481.0306423059972,344.59950927729346,16.651414657471776,68.31308326263223,4.657694981516447,0
7.539742094671527,201.9593172158381,26716.35970750702,5.637350314119564,399.8498300534326,516.3545597471516,14.985649163926098,83.53682076053401,4.210677839594846,0
11.26732455959813,229.7409620422989,22709.38605774536,6.361687286585341,316.2344327517784,294.1656227790975,16.097627314432998,54.59124939238851,4.795407220007135,0
0.0,236.2048887704422,34822.81634277742,4.966397254342853,362.070174491647,537.9966249844874,19.085484127615416,87.80104527935602,3.7783021620210056,0
0.0,175.83394430039806,36819.986844689935,7.650455252811279,322.0219094984108,344.7160528006032,16.918915589394373,45.472000618120745,3.5244138421322546,0
9.130607243837645,226.40374126734,19968.67783514229,5.723791567393456,386.6997764306265,440.5430990977786,11.75171841804928,124.0,5.288486793442537,0
3.2928054420497963,283.4095680437513,21160.08973864449,4.270717789514836,253.4335055124074,525.9922871028738,6.874315403971821,54.648034529749246,3.978746921874003,0
6.195254905476403,170.00229098002637,16666.130805000226,9.483424062787936,342.23721962656043,457.068162296797,16.345685335149938,79.36924260630133,3.138971386531074,0
0.0,172.11151389557128,26595.373543009056,8.232252040872753,139.92921932213554,348.8435756927591,7.877738513990096,93.30281601626304,3.5503111429393712,0
6.369973529850304,128.6168684735884,13689.592073086058,9.066829967797382,199.284036087681,319.7850761069275,8.001414619789841,36.007524438476224,3.42706637445344,0
7.823115892976863,181.56240554774752,19289.361452747547,7.325055363995786,245.20556740289334,274.696540079706,14.093402113579032,56.80132056879478,2.619420878956215,1
6.701087875646591,232.0983390036539,16378.151575664648,0.3520000000000003,238.4465643028421,454.55520783105055,7.764144251689345,55.87664101186442,4.4318291438537125,1
8.111101031034266,198.76819532530232,35200.7988338764,9.685390204181694,481.0306423059972,348.9713948903876,19.071934700397264,72.87156408438828,3.663774941094516,1
5.28029229639521,164.05738871795833,13679.05690473032,5.971385389371607,253.91151080857844,635.8884840582251,11.805625077563093,35.433863716753535,3.835305907991308,1
7.164250996584072,167.1044296160452,30362.68394790395,9.990332197218962,362.2616360724188,432.0307099061292,9.971476405234055,94.9841012731818,3.346057063483423,1
7.188432369897152,172.21468280183308,26653.764965717637,7.271684606484637,335.894456356063,510.0297247586445,13.809874030631704,85.38168152404008,4.492387447051166,1
0.0,144.99579042512303,16219.4753201797,5.563067208263512,379.9629732706872,374.5430685947028,11.118073198351,72.2907733307725,4.90436657594971,1
7.243409878975713,188.0462961167452,20877.53484090427,8.454106777002822,397.5012183357042,377.6493439323568,16.357374578188228,71.6271361043703,4.466935915288811,1
5.277875568290585,166.7330067528863,18404.050688632717,4.777124262366933,377.9310382315418,347.21945676336145,15.52604285116388,63.0086684527317,3.6326070323383215,1
13.999999999999998,182.11394636646935,21453.3346619721,6.667286527372882,336.5219944123111,392.4333770325469,15.46458206169592,60.046065200156654,5.036017097278329,1
6.328553081263288,192.07651510196663,33315.94708164389,7.050046536157857,480.52713180920364,489.745346423778,9.561964300508976,57.77328497920307,3.2658541365015537,1
9.95983244362042,205.6660157353413,27044.959810452743,4.033933563716921,298.21381596939113,515.7549358993447,9.057548784739652,48.02968966325686,4.067414044403119,1
6.990800830630459,222.9437479326424,19713.41152101369,5.292450113468765,310.8876168539249,270.055393805813,18.36221801795017,19.628730010603352,4.3326398719810655,1
7.835906989202026,206.665788118744,17643.40714703863,8.137483668926913,332.0131100275789,474.9897732700027,16.1671855402264,68.08226489261818,3.183864093341969,1
5.265259412566053,215.4916060103741,18489.65250509375,3.758833181507526,294.60303753204903,370.27462103283153,6.530428639650097,68.10002373951824,4.58215729826292,1
0.0,138.52571154770325,17905.480019297465,7.929303294414433,399.503611118736,485.4231792697528,17.667366280697593,36.05826169403984,5.437429061426661,1
7.300990131038159,182.44769726524132,29136.33867680541,8.253015297361534,369.90073591289166,307.4333027094603,8.730149176517386,49.89534185518725,4.596347340478699,1
6.1649272929056105,206.0405843179259,22805.61150481362,4.398831270461076,265.56947327189437,409.3576794213868,16.895725085815457,61.72587636676717,4.169660977577574,1
6.578083890884723,214.14633423290303,24882.62516349484,5.071156812647591,265.656304139213,400.7431603309847,14.018056253486463,58.84190603188182,4.890415758942131,1
7.859489939100051,211.31102858658863,31725.48776569772,7.519690678297841,313.34419794784225,433.4446652298256,15.909471399126062,35.67797680660453,4.498069165936723,1
0.0,208.2562834808608,13696.009916766998,4.484021278259187,455.66181727724927,449.1780609772641,21.305197096159983,76.0397875481668,3.8501348891737166,1
8.646642950300487,201.439064518998,32571.05451770555,9.95935541759408,225.0613295469182,338.4978145035637,13.261537968825564,66.22939447615568,3.3332426816293994,1
6.932085030049922,205.3384821943817,19530.473819160597,6.521955498450175,236.80674219086984,475.2102158874225,15.673883024056863,53.9558663301533,4.433285887697208,1
7.852206664016244,169.02837864959153,22912.18957899364,9.616222696805115,442.52912782202463,468.4453961804769,12.60112157166344,80.62515954650635,3.5324376192277365,1
5.915881554773588,210.0976079447896,23616.804622627704,4.465676959639838,365.9612577826815,421.87985373320026,14.536852253337372,76.15710336899181,2.290411119725527,1
7.476689511613987,162.00870309518598,22171.31889817714,9.61159855831238,436.45721183294006,401.2348151822703,14.993740060714572,82.86176424061142,4.195539286347104,1
7.033495055020295,191.8802166030653,29322.74069720301,9.0270569832952,460.0549780015053,496.1982993571791,17.191646209724468,42.8646821456061,3.678957092279025,1
11.824140233748722,152.5374183742457,19731.749181312483,10.886741890515424,373.9887141206795,463.7476806193585,15.534903877923623,61.15128982958539,5.294159073122183,1
0.0,189.00108610224876,20784.56786015565,10.088771481178387,312.95469455514376,419.5341329799162,14.801684067824963,62.53507088571928,5.149542443249875,1
0.21371099092580334,177.20201029701627,17766.252888023937,8.199090412094737,354.277369736677,520.2011294285245,15.0995880037633,62.97199489122556,3.168031026202658,1
8.311271181077604,206.10775844471195,20562.513390890872,9.820473297478564,203.68784442844526,479.0323203403781,21.7411436011252,80.01264402000064,4.4620457379771805,1
3.800431282307122,111.2464115966342,14904.940386800152,7.729645331792213,418.5593469814797,382.22437008112615,15.87222132626647,70.7973355074541,4.473976075064174,1
8.31410080595301,201.57204599380577,15618.135242204173,6.7052108779967545,367.1934568277953,359.9520067091986,10.940974529417872,24.91497120838558,4.575874147599674,1
7.842979001264934,200.82967424192745,16827.192866686655,9.888402990581016,341.21644189222695,566.3307047973911,13.7912447006168,46.662407323733206,5.109312362176544,1
7.386581819694894,191.58556548067992,26351.903773837865,8.426161103930916,398.37669236385256,505.1879288260669,18.92567419269756,72.64961369720967,3.7913725882785383,1
7.519227463461571,210.3847903786547,16897.307040908778,6.568657940815905,344.70367330852383,315.5204353314492,19.85618427037366,113.08960580087049,3.2757249591599726,1
7.446225785014987,241.57386212826185,13312.446107003378,4.532979039049278,225.3152368142872,529.4590745941816,17.23787068676603,62.522183491970935,5.0866985617202864,1
11.195810154795328,116.90547929864172,27151.31290232548,10.185348221604038,129.00000000000003,372.0023185483472,13.50723191973185,63.27369649272616,3.5162378046280005,1
13.999999999999998,201.82784846535876,35418.73503990262,8.255971090425943,253.5802344856185,447.2813960938399,15.60445978472262,45.49211139335185,3.3846485053932147,1
7.074251443801101,208.9203689453257,16739.266635207718,7.861469473377642,129.00000000000003,518.9771529514926,8.881999343581867,78.41901892925169,4.878944115790008,1
7.744130993509203,185.5676184157631,30586.592663308227,8.04076015860187,283.03805364954934,314.4258338696744,17.13236900538567,59.87160947492036,5.207683455238749,1
7.938934515627457,179.7962052126882,17029.53489268212,7.018990028324963,371.6755553128619,404.6721081170455,11.59343075084655,46.50460488901018,4.459393979995632,1
13.713396759378973,240.03627870637945,23103.65353882712,8.643088653923114,339.1588774854099,487.4345547624096,15.19370366491188,88.78546912397026,3.980920352299426,1
3.395240913572672,228.1094592213432,15617.458576764207,6.326534002728561,326.5048926283552,402.6006571806636,14.652334166327025,80.3401853769289,3.490172614179791,1
6.30476863013428,213.656177672167,30168.606596499063,5.21078044271158,481.0306423059972,339.11658699813364,14.947675546011965,43.57638936552725,5.109934757659329,1
8.96724410982202,266.47874273309725,34446.782262145745,4.909572890246576,436.0620306686339,343.26555649359057,14.263396376888522,64.95967006736964,3.74225594357064,1
13.910091755748399,166.4049679641564,14202.193804903422,9.006795749280975,370.53852440320816,493.4402439630333,12.453160071677928,59.80416693404446,2.848370818146627,1
4.439095783352975,190.1534488485649,20864.340465449102,2.3866534943935944,422.88360553985393,515.6312051072605,18.08100298181432,63.36308247611045,3.844230760680544,1
7.205218263646112,188.9113121257551,31315.614387158545,8.323040622441837,204.15760275463765,398.9188595378218,15.674209539267736,69.55110018216354,3.465331089346429,1
13.999999999999998,182.25781425767667,17540.742497737258,8.422475923153424,281.7207621312159,305.8275349204158,11.805005166813087,61.69611295645719,4.164772623814826,1
4.291687729728828,124.0073498023252,18038.474365997183,8.603296502045868,481.0306423059972,548.5744616651789,15.682821064266989,91.86095966811126,4.61608855445448,1
6.610156675005784,176.4136378217577,12674.67277275363,8.988476975316278,354.76811485914754,344.4204347864156,12.682868896426328,83.56735642622158,4.403876807334038,1
6.020995362815591,178.50029699591676,13095.149160657458,7.944802450122615,165.89846203029322,437.2989953181805,13.770783215352822,59.872433044300976,4.806016624928021,0
6.649705311159435,190.5319471341491,16191.42609113293,5.254959291073438,205.27508886004722,564.2031775243212,18.443031191549608,42.81536638088436,3.085178509021315,0
0.0,253.14965119784927,12037.7703855776,4.3843577068519615,325.41324793204274,422.38929182341286,13.168299231900846,40.05215064769633,3.3999454918012777,0
9.106916914695542,209.60961797001823,16879.524769770767,2.1026909914982523,481.0306423059972,294.3100807523465,8.06429605288173,70.19062481642287,4.186726398762156,0
2.9454690611226875,126.74810032577288,16829.393039119645,10.59739483099463,461.65512747565197,456.2331895035061,10.15713862348548,79.31055731576916,5.06998277048037,0
8.331292569057325,206.26341782629424,18221.085342175687,6.237135144845256,352.15922580169735,547.3253177708582,11.759852211669909,62.34838795134365,3.469561085530682,0
11.069456289054555,256.2019802629078,43536.02087409114,4.047620470589589,156.46029225398553,433.476011349698,12.42739492239241,55.73299125192422,4.88051238141723,0
7.88212394746559,235.466404746777,5477.347214769689,6.476056908865658,159.55853868854672,443.8947356793568,12.1785204652723,34.19440434031978,5.364172169372378,0
11.494167437816458,179.9623511994494,22060.18687164021,8.29649738530308,432.527583184383,386.4176405562309,10.080115678701532,69.90483487196701,4.963535103139469,0
4.473882085450574,120.1019079478509,30013.70074850319,6.369370881562611,399.115761054449,433.74439165589314,8.510882716914011,100.23229524245195,4.893656690689322,0
8.261405952114934,208.1880858662876,24870.82594127374,4.9250153622087245,183.93180043418118,441.0525705702477,19.095663668644026,50.6631499480574,2.800428120229178,0
8.860324241725671,233.62514504456945,19550.299680482232,6.5190628944638975,380.6018767215413,285.4124362483411,13.093262346397353,25.061904305979898,2.4766744197524457,0
7.496510679592297,207.13732804747676,39423.66606481486,8.49411536940996,325.4039934454662,569.5692234467325,14.3139868039122,124.0,3.3634032575749067,0
0.804866047034216,167.4661915078322,11532.223177828448,7.709710506907275,361.0093106750239,625.3467724892172,14.151538219348367,74.8311936140564,4.086175636933568,0
2.770804145019565,183.48883884863795,12675.938962030115,9.777807381254815,319.8705844996722,482.44502561272526,13.309722696880272,46.85340961872429,3.240419096520532,0
8.005016372063832,187.23053461680195,49341.42127856802,4.339310242341571,300.6971279883858,437.3255073049786,13.972014075596746,97.96499813766937,5.288776596554314,0
8.55006872951622,193.46241984792323,18519.16249443314,8.021803498102766,304.4160484822359,374.3178878103501,13.749362893214824,43.7447051616086,2.676593519083002,0
0.0,202.5694674250801,22256.950364593784,6.91350054089494,304.9514981066884,434.1984358160752,13.696893086033183,64.20566665026693,4.478070476621262,0
8.237091873714283,212.81856287357425,24414.97348497344,5.41397794049186,255.00409328827158,445.55590080286686,12.409910386646004,48.56091384496764,3.6860744730197146,0
0.0,210.20492128814504,26894.14489019024,4.312761963759486,329.14643755032563,344.5151501291694,15.10919086007084,38.58446350121441,4.903914479432386,0
8.039696863248341,233.85621914582333,8201.362113225236,8.293018014651564,289.8564300113675,461.2097797450383,12.87796036376335,68.75086751424018,3.8260632484284898,0
9.824706476038184,218.01952990829037,15120.92471624182,3.124832555432105,212.71347134239286,498.93351854944046,14.836623957315226,42.16823419601413,3.226035359326217,0
1.8342433025092835,197.71218301547103,12962.389672891964,6.47658388248892,362.7219539268882,503.8430011343108,18.89239347564819,80.34634783629686,3.500848661792521,0
13.999999999999998,232.8643910229747,32600.42940605805,6.702671599764981,343.5987003271209,447.3946851344006,13.900089185261152,52.89208479394743,3.1653909007410843,0
12.240214561918545,192.6176623449444,36520.65869741918,7.458969893744622,299.34573569627537,474.1478985256791,16.986365370742135,82.44020227297665,4.323989597567092,0
8.240945815161524,245.0908250345308,18001.459185846255,9.367419403184314,350.6149618621469,344.05687098640897,13.90470967441695,124.0,4.666295331297613,0
1.4216181937736303,208.83771058014375,11609.997158811822,6.445280105828747,395.7604947725682,407.0173979114756,7.070771158478237,76.38352082536233,3.813435553007681,0
5.692124156757815,165.90628041516382,22396.209253823825,6.6826915019357935,309.1216019501163,530.072519956057,11.47201557102909,60.47286074613754,4.682390726356548,0
13.999999999999998,201.8337198767898,29508.4928139997,3.929623912266358,325.0612460679277,428.6613981506554,8.819491445717347,76.37375324896149,4.115320543495385,0
4.7942970638075275,139.95535042279025,31421.144495479497,6.627704890811055,346.44115535089605,378.7710756220023,17.544484637278742,54.798767433760005,4.536181266097956,0
0.0,207.05911386208373,30573.066315029697,4.438196616151671,341.8856820446872,393.5132564546976,15.564636555886976,81.42151396618713,3.109695767607044,0
7.054266774415682,212.4291243157324,7450.074375057894,8.727110118375812,424.59122334628023,396.052781798829,11.383953515835344,75.21933821052302,4.780615831540402,0
4.274966927788212,199.9422221976206,25973.326630596028,6.490994016671258,336.04074133697253,344.970362936582,12.640414022572031,46.85452354197522,3.151767824317796,0
7.096098311427181,206.8278178719214,24548.598298599503,5.379860573068683,144.80965038213137,365.400809197269,12.49518937450381,79.29542344808833,4.569760035565905,0
9.734619707554277,244.9286656123048,18976.23307613725,4.745970265891426,330.6357882488822,383.94753730403824,14.89700130697014,57.02176388650873,3.5065029938769525,0
8.037761108429645,199.21397067654735,40368.42062703652,7.307410956811066,481.0306423059972,293.8334657305052,14.254682174400727,68.76341846656737,3.572519001665757,0
0.0,250.57268298194916,24538.43729286854,7.287604792989669,345.1099622273243,426.10371511648304,13.984155688305291,60.15973017375827,6.099631872543664,0
5.681810748088655,151.0859374109009,26373.495428417216,5.651588764551488,330.80039542177184,468.4726009646001,8.623794837576725,102.2464465979604,5.37515660940302,0
6.44923665656657,218.9072878271955,12812.557124143954,10.908686691712113,481.0306423059972,421.2968495126904,8.010420328995338,79.08553238242209,4.0651480018614885,0
7.122637439985312,183.4026481831804,31295.902409509665,4.425026226149565,312.53860747308426,411.6160702743648,14.066057477821971,77.18579203760206,3.750446964802988,0
13.999999999999998,143.09910295231725,19290.56806763281,6.084324829707493,370.86954997899807,486.0593044064352,13.92473170382101,63.80230173372311,4.117287901677459,0
6.091382724208516,192.12105229204764,17279.96219835077,8.927043243040153,200.55309292266983,413.2483341416232,12.739818468359315,85.02703391803442,5.075519615924211,0
8.115624506544236,200.0990129830887,15513.012580820465,6.046110608477251,357.4452704047742,421.06032596791965,8.320276394669804,53.77559172927798,4.4088119398732255,0
2.3572085392083046,209.1645178119582,7845.4728910408385,7.669132348419672,433.6943202459282,421.625238071778,16.35221982701512,48.063507356294316,4.45464130113273,0
9.010842713203331,232.6001511087865,10634.059045381007,7.558162033746827,334.04996256351086,542.2114325536916,14.013541506003548,85.21509462110782,4.799012921311841,0
7.426274011029841,192.1452539445499,36990.95594709379,5.101158420890901,261.51706852057293,590.5072220153669,18.736380479834736,24.73422717774545,4.363335813318021,0
11.219134743203494,237.5826727898112,21871.7851725781,3.074316126651996,328.26822513921365,374.0216552281401,15.804450887402822,64.48638399702615,5.749585831041931,0
5.708517435331991,187.0817578527348,12193.611261347412,8.288504922252073,351.5732574738831,577.4028099868964,14.35764827631749,64.77083636325608,3.344284853666156,0
6.549554977085916,183.21990415570303,20311.402466290318,6.79089737329086,381.4590234839477,344.96706395847934,11.138459105731329,71.70459491893476,3.887361927071367,0
13.999999999999998,187.0191854258325,28988.70234332061,5.588012812255956,333.21904680791164,478.77308323919294,15.011414051773102,69.80513329769109,3.66686969365282,0
13.77955833524844,223.8904119532495,8722.153021570984,8.569451241906851,129.00000000000003,375.1422770879712,15.430847229197012,64.5641432674701,3.44029961478404,0
0.17152647092527912,172.96820283954796,24445.987539531445,7.032642617283736,129.00000000000003,571.6288923424781,11.549877305940925,56.49920717768536,4.725347454549987,0
6.448191031909269,181.5898853338313,18460.678930218124,8.727866524390784,151.40319896234737,353.6042916029809,13.939424708087245,73.99053906453214,3.932210320679033,0
10.199412694268364,256.7043381897342,28703.75114009072,7.940595236383766,326.462665812632,552.1621808069771,8.802846639183713,29.878124764326657,4.384868014016786,0
7.766186660186794,223.05783462089016,14945.29566061532,6.026816569538075,259.993903334794,482.4062360912003,6.747761288662503,83.18675082133143,3.6742254421508536,0
2.0004979266087557,191.3013594287225,17540.576642695825,8.77972626215979,305.75052238026683,323.81211621457146,19.072827270864025,61.56032811031777,4.129300910378934,0
9.75657762790083,244.4613420526374,17940.099080400287,7.149052944175392,192.2666092964641,337.7135685501509,23.66766677904957,73.23346576083395,3.74900925781602,0
0.0,159.39939804233876,61227.19600771213,3.713593555870997,312.97625428739843,377.0679724052103,17.24669811069532,82.19723305150072,3.860806603165301,0
6.090397325981169,253.05438889374372,28864.910280691725,8.524370962272128,364.749482396199,479.6997628561709,15.823074288411531,70.7581896914079,4.697040686340625,0
8.445219158974174,228.5228602396304,28966.569326843928,6.179855164933626,195.75275010811276,361.7053539670713,14.554220040506436,60.612230200646,4.400705861502303,0
7.675913621057367,233.3007587362074,23673.10060598764,8.407497057013636,291.60247610393213,232.61362402653705,18.459407785418875,60.99359036387728,5.040460814701462,0
0.0,243.68255829149015,20976.79177763301,6.502257263114666,350.44989739796654,487.55649299616505,10.451629244676669,84.17884541140899,3.5584448016334145,0
6.376576427120522,177.50998975353576,41243.03802854971,6.669920257654474,129.00000000000003,486.80605077046766,13.4907876828986,65.36639188729397,4.161585514695004,0
5.517737316420501,190.6699278409826,17638.322473218224,10.525857765559618,302.20384846846866,461.92898116329553,12.531684282728747,44.88784333517118,4.523106007500935,0
7.558076302469553,253.84090448277817,16642.884178436914,11.22439456875739,235.0831995936623,555.9329912072235,15.1546276922316,81.74609531564079,4.16900526664164,0
0.0,205.551854127598,24820.49309120567,7.226877906012522,329.40439987717843,386.3075460767547,9.223072487246498,69.703026085383,4.252220379574883,0
7.849680225107098,119.88581029792708,22331.237876497587,8.051538021964916,351.16142711715133,472.0640909647271,16.64281537247524,62.64709100380799,4.659394533911933,0
13.79535978650494,227.4326629452866,32102.190705252207,3.646847512468539,321.6710734340228,433.2764907304989,11.690091220032286,57.0496898989104,3.581036881421095,0
7.683156515101875,221.57534727835315,25475.8848438926,9.914965569441655,129.00000000000003,372.8039093210936,12.05443923959774,51.89250007728792,4.78132309399482,0
7.097280325727254,217.94497910755365,37820.047327483495,8.299339281001231,177.10818028190357,367.570081636856,15.421033533163325,36.44661433028514,2.994780121985052,0
5.720136479125319,182.44015986658104,13463.852418845432,8.253966478239233,333.1575067475187,401.509481048087,13.361777551994464,52.95290368890775,3.5132554958442737,0
6.262907281727785,185.98265157126224,5157.053599876038,7.804390760364753,338.1953870424825,570.2882599968038,14.601443149348256,55.573829577997046,4.5949191563642495,0
8.018771948965188,228.11146257358064,27405.316211764228,6.491360267833637,156.46802906426745,494.6204406572959,8.716667102841996,56.18885177598891,4.356279098148036,0
9.341091803370398,230.4300558577916,18254.11065602348,6.113973911925935,149.23132922712307,294.58283245107896,12.908754747857586,91.85652703828244,4.598786500022123,0
13.999999999999998,228.25199483106684,18593.22263601365,5.905206999217824,129.00000000000003,475.2957332778015,13.672646799134384,54.49246878734776,4.122850190557185,0
6.056817844582385,211.7658864715774,4440.277357352502,9.507303261832131,233.31809237608175,316.9217755347997,17.76639712322566,53.5411906294422,3.3580608070454523,0
7.890263352659877,164.70803490168726,17645.06533969323,7.141359630149279,306.5733409244547,634.1181328033695,21.97715822373516,33.27929798660851,4.636738762684457,0
11.907739829669833,298.09867947877547,17083.17508543493,5.878992533499542,129.00000000000003,400.3307975835265,14.0633696616257,64.36859317878266,4.256415420544105,0
4.126581310415113,113.02447173130597,40528.80535252192,6.489951185968773,129.00000000000003,392.1091455257916,15.793391696969422,68.79744323944128,3.504750791059393,0
5.735358658660184,149.17169026665542,28628.15185643749,5.073073966079366,293.07005881794987,465.5548936998726,12.201950022329015,65.9098503743173,4.085054788353829,0
8.303831038249468,222.9500367849428,26030.618513623973,7.108973652810255,481.0306423059972,368.2844943663672,14.383584700151289,70.07270036461732,3.3926567014093307,0
3.4223941642163864,141.30030500237513,16017.6118961435,8.21471355900591,412.39375305128726,580.8707591437523,10.603280004233454,94.94910830899912,3.676245974726413,0
5.913374863624714,148.60794425320634,14467.785926491071,6.159095130224607,348.4242050753853,427.0409816717847,14.4234035896946,56.46038631836534,2.4998319694156934,0
6.783023739620584,236.2788665335002,8213.772244714322,9.33286124155813,283.94889369328064,501.0185347496342,11.590706615138856,91.68093129587082,4.778808149718986,0
4.884388228619609,136.55778486351255,28392.42497620195,8.440399977615007,215.52878009980046,386.1040001509584,13.831876766554617,73.82455573856876,3.616700535246352,0
8.331553235054374,238.99241414897253,11635.772076239662,3.923239293988017,276.4022799305985,406.24512876558725,15.410763802541569,65.54299382101298,2.692388879566732,0
4.556656719060655,156.42294088267818,14400.71862855609,9.461285079679993,224.35065527019475,483.7457161392814,7.897724428684114,54.91394345874514,4.392257324547549,0
7.1143867193719466,196.53396007421455,27022.70850479579,6.176786258666059,344.2334629066579,497.5236046476758,18.704278537998903,59.73043814571691,3.762682465763934,0
5.04392560104429,130.55856146255113,17429.584949659697,6.3176544269347366,322.0595875907542,524.6456427603447,15.318048390229194,75.37640813561349,5.541322279631281,0
10.600589992057158,274.9687829357338,21558.308741146284,6.1128190829090325,350.36370282930966,331.12049587292546,12.610798619869795,30.688080297194485,5.477700313791723,0
13.999999999999998,252.40456462351648,20197.24766773848,2.562255458189081,350.54775728028994,454.96981206764906,12.03186303409484,69.29225204248847,5.146442623782875,0
7.586235787902423,190.89021933202565,16409.936560013983,5.739025428182478,481.0306423059972,402.7994966727517,13.906081958154914,95.38266213691831,4.351335081254766,0
7.445189293060908,225.39778687678492,24741.53499922928,9.24849917832494,220.46814748992315,402.11561603216313,15.53597901395375,87.08391927495543,3.637894581214215,0
8.332953484844603,236.53240416246211,18881.79517764528,4.2756930471398,472.2344689260101,384.7291623763276,15.121055225824932,55.50773876389136,3.40829958802318,0
12.033345376867027,231.9732976203514,21460.83815963781,8.673483138205778,360.6722106910353,375.0820594095009,12.17878804128219,66.86450107734379,3.95509083425873,0
13.999999999999998,181.08065631795264,30050.43944645153,7.975630924046423,360.0869012109182,378.1542339078276,17.67456509302508,57.86042607910356,3.52248646263634,0
4.473864027086987,169.35592717386942,23133.66235290509,8.247827609786238,337.04789601137617,330.35532264434534,14.74909031027562,58.35685104211581,3.5171530228599703,0
7.889079734906216,208.4023672254965,24974.692773772986,7.296281894131476,370.94847292037434,453.1669866413552,12.5296795900677,60.43501603557154,4.034040700765162,0
5.5257685450431415,188.1559799186756,16113.010553529986,8.306926276895082,212.81079663805113,363.471851126453,12.09451300749447,74.71867577366002,4.401412624381881,0
4.85805560159329,159.69555433147855,32886.52889859088,7.689304574094695,129.00000000000003,337.3880348305506,23.10801589294806,76.09446943611884,4.130972246502359,0
3.2728200975185464,145.4923057599013,7408.976195914595,11.996015117959512,336.6878090650066,433.7096721327479,10.45887422722558,124.0,4.318516117496335,0
0.545799744413569,214.03531216797404,10039.538375695814,10.130125039963344,383.7542994625281,487.42163499985935,18.91758398711039,51.48535051250388,3.259749193787483,0
7.148440931892334,173.27281821073927,30656.16311302757,4.737825631334102,299.8251266518557,525.884832982694,14.567818921408955,57.822022692003095,4.308569820911373,0
6.453605209394529,175.47933973972238,25257.64928627955,7.62652961074346,263.40125835281054,376.5248871279276,15.755402036806572,107.35062158000417,5.568264940032508,0
4.583118943907147,189.82341767748656,20278.33827161957,6.799940085166233,334.38336774839206,314.8341750163426,10.092087058569176,46.62929866785426,4.940014517196936,1
7.650683237261012,239.4901476171355,15326.925014361675,8.927896393026264,373.4363117236974,425.3363524592642,17.88359172083949,62.41891015092428,4.043710883697663,1
6.39655545423661,233.0634259085382,36640.37136619578,10.000217756125702,435.1151885656065,337.6644115494392,16.635475987044515,61.073709925035885,4.849755347855416,1
5.324641431045321,142.80697796677873,728.7508295768456,8.403316436536477,384.3488477375962,496.9976016482841,15.174663734169542,60.07785240476825,3.652003355217872,1
6.232010556459672,208.66817151495923,12149.69673030878,8.56003932416824,420.5307243788101,325.3447060796601,13.246995476140512,33.38035358893525,1.6415150097935705,1
5.566328462754787,153.77551401483095,14574.66110047644,8.011549699404979,481.0306423059972,388.0503622880175,14.200557221783868,75.55521876927654,3.424760733829153,1
6.1254822927362955,160.09508576759228,26561.569491317667,7.18702165829636,322.0904651822847,372.62352926831016,11.455203405009456,57.15095807193552,5.136779753078214,1
7.185167714343043,209.68313959422147,24909.78314722172,6.691069585839307,386.47040458435424,501.7854199862957,16.088648266460552,75.67132940431965,3.9558469776104976,1
3.671848319020003,160.91581487826275,13943.244973660278,8.399729961537624,380.7684781849012,344.15422833174625,15.208691090560194,75.57505559125502,4.141552313336079,1
7.444165851996699,211.44632377966144,20003.4976805052,7.238301519625709,187.2419719963712,524.6452350998102,13.778225664592467,49.90089916521223,3.820865704129012,1
4.374877631689642,144.23718065681612,17384.257185795246,8.898436157830814,410.66344751270645,402.2711824297717,13.715804370747207,55.989796157136894,3.030107847333986,1
10.28183749248399,176.7721861181688,19486.191112150933,7.9601329058027295,412.40727797286064,276.58861018264633,16.710056082827577,33.56304027529272,3.888177383128361,1
6.620119210091224,113.17596460727071,9943.92978526269,6.337137942441213,354.29756524708256,415.3383368798727,19.67616854859483,23.07580599653685,3.787475537347365,1
3.526908008380679,157.7815546789862,13711.723281811464,6.1339351436364415,281.0004974765346,289.74667444182705,13.172721295124006,60.45776434336739,5.068469997878655,1
6.921257043340869,158.29205740728025,31177.133368775983,6.978993268667014,294.5584478579238,531.6574429387377,11.482186616548065,59.998554156145495,3.5403842778756958,1
3.2308491395237713,232.4687267350907,15873.034428156288,6.365468783544862,313.2636073203046,365.6264867130661,10.39293652412914,59.659209458562685,4.706774891746261,1
5.796236902009642,156.347094601636,15671.11928668336,8.408831552008218,322.8685710170897,571.613700899304,17.548424733507545,74.40270156034495,2.4836433968894216,1
6.163519015359364,185.7903173427265,37282.52249023743,8.240831774349724,160.93863475554664,411.1835886977137,16.16205859332007,84.93140177637781,3.477244889243602,1
7.61067277645396,193.66187049860332,20511.62083191808,6.654331842184067,481.0306423059972,394.59540591035824,14.319384212713544,39.49726395871697,5.404817647950804,1
5.782079033854955,200.4047947221296,25366.120686890383,9.270066162696256,189.61511005032605,525.5329651390581,10.675517529189335,54.08109391932219,5.059361568255062,1
10.752382675269933,179.57809454728397,47591.28318329641,8.09730168272536,179.88032294476704,548.870510162091,13.800070750872294,58.2198004252074,3.68559289638376,1
6.549187601426585,212.9221414949659,19236.012494926068,7.960190043633312,481.0306423059972,424.3980267319668,12.587047874082316,49.585572718743,4.190311120790964,1
6.3594313098556325,208.2030205731445,23347.17270988485,9.000395497752294,404.26639387933795,336.58561043285806,14.173906229256772,0.7379999999999995,3.636494910947968,1
2.0667633960028247,161.25033056751795,23469.22086693208,8.392832050577809,473.8168808038895,448.7879639198399,13.836279976784963,70.20673965682607,3.6002204377572,1
8.22680803429499,191.2786805505674,16472.192309271515,6.8639270579151646,481.0306423059972,354.9262268283152,15.183645523829796,63.41678671446479,2.1887018433563847,1
4.762828659328944,153.2970184052645,22777.532069498076,6.841720702011132,129.00000000000003,522.736232995813,15.785508966566056,86.12861265369574,2.471786245060302,1
13.999999999999998,208.2045307343122,17835.3090128928,8.930329974650807,351.21496237157373,278.2606083658911,10.208344451693051,52.24851658027645,5.709690240551309,1
6.758656470581755,190.3372799418265,20666.453159471203,6.783660242388362,222.01566537537667,484.6087110686154,9.784776715189537,86.69545110842313,2.743890221761156,1
5.376078292034362,185.54047780277236,36026.40155635119,9.649943357503718,343.4866326741927,347.56506646308213,14.004448806342566,42.60684215997556,3.629250321506012,1
8.592417714156252,228.6760356652676,33013.47977434919,8.172356270228677,211.00609331931315,328.5584399484513,17.128154585557013,97.29860921591948,3.7012879418226263,1
9.473663157053792,222.2687210999229,18406.594175572456,8.183988309256264,129.00000000000003,395.4487992297591,9.475981380426733,79.85232988199215,3.71095753994514,1
6.1663482229269535,210.0865581013059,37922.90561590639,6.760220714847252,192.06000470301962,217.35832957837812,12.289237613808154,39.978096102873664,4.816304243581658,1
9.638222268227196,226.4702151138879,30739.6890854019,6.849401308758589,307.4691998006856,278.25142365833653,13.728883155611529,69.26812043734148,4.614369673533872,1
13.999999999999998,241.06692886610244,22656.714624811066,7.293822808555946,388.75873721124066,315.6043274084115,16.404805250012828,46.13918260282824,3.735204450885166,1
8.84321118554239,181.63014959101,22665.138527587256,7.221067920014277,129.00000000000003,521.8735150665893,10.985421585414429,76.12635152600501,3.2919428728664184,1
8.315267620031083,229.75744606378947,15077.850342877471,7.053503328651694,400.9446176334619,446.9549100852281,12.195093858269388,77.52343001886976,4.1285253608325965,1
3.237957960104619,114.7335449715346,13677.99404000127,9.981200455815904,441.8267766287,524.000355172102,11.384858471731944,71.15328465919002,3.293848374019273,1
7.171593554534841,250.22529650833337,22431.026986889174,7.697674850198626,200.1133317821777,462.7669762065741,7.92339763408296,79.69776399691365,4.62273611029743,1
13.999999999999998,256.9363777094222,13766.330789042637,5.083865924715691,290.31103360347373,384.90651624541937,17.7315232008296,58.3548558852614,3.9792968666884017,1
6.8331110185961625,178.6580736754134,31461.19675997045,7.94285715338279,302.5353706368913,415.0974384997248,19.370328472583765,99.25853961701476,3.02157359521932,1
8.922379799883824,278.61944819337634,21963.476003375603,8.105638488191751,334.05369272449525,385.8747994925713,8.803475286549144,0.7379999999999995,5.821825990151662,1
5.893186916333634,168.40952478826227,26148.53787266999,9.030439938494691,424.30212248301314,445.3458752967511,10.67458248052418,51.87695476154837,3.893326831733837,1
6.844141767435719,184.39304269729797,41408.11482166175,6.459987321712143,147.93069702310498,398.046804298961,13.166415750097483,68.89062012258368,3.412853174713619,1
6.8236420060869065,170.32817202926725,14053.220679296996,8.12063135094418,469.41232704253434,544.0110745033851,13.542212836092176,77.22700303469509,3.386362671790524,1
7.14601971618829,195.9221016439451,22445.1733031336,6.6520354923221605,335.23265035275085,484.442964824564,12.367109204412088,57.53065851412411,5.393476357423515,1
5.089387791182689,147.99527105647252,39659.87689806039,8.424877818363992,343.49134649976463,498.7008895433159,14.943584807552782,84.25426403896128,3.0540452006756715,1
7.243482154402432,196.9823785600006,29772.019247449647,6.497200835133999,166.41584198438483,322.3652373888966,14.154954780899176,50.6550008331396,4.763578511529136,1
7.990658238533358,211.28634231028263,26951.862653076325,7.510775726778456,302.12292558608755,638.0001822995924,13.942812387366873,69.39441775209288,3.160917458532662,1
7.888424514936055,269.5729132274828,15761.871366279853,8.173474687605616,302.78089327541477,490.8951089950268,7.02553623282671,78.50227063808656,2.998065930668415,1
0.0,208.30383256343865,23495.307483305656,5.800340045149273,274.97527954788336,465.3308561251105,5.98033920599562,57.2030892162083,3.210752658318472,1
7.222997560406464,179.56029037435786,21314.86978931212,5.864716708941701,327.6498411802128,435.5738877753308,11.878370492561146,79.39400834850554,3.966258509567033,1
10.786969196900909,194.71396807560347,40611.71331919785,7.42319211679342,290.3322859869327,517.6268878281727,16.340158668491597,72.09361000862353,3.1256087009088547,1
9.428364667349983,192.057661022839,25795.6936351192,6.11686336752183,318.92656404790614,509.0628334635237,13.939193244337332,84.31540019203419,3.789195950500151,1
5.834225942268294,202.88242945570312,17505.852735168726,7.104365818605476,310.53283662626154,429.2898954320752,17.958968013429,78.58753831483234,3.537040784668471,1
6.903074330528872,206.92250438388717,17947.988113640647,7.048017331283495,291.84806897974266,601.9852229466272,11.775109713528764,58.17625506029297,4.473887010766568,1
13.666806012684715,154.92597170844743,30037.22162465193,5.796570971275747,252.06726719561703,311.7500192169767,13.904652296228504,77.53204198223717,4.1135850300896575,1
13.999999999999998,226.31858035622707,18465.26504171556,6.0263038611088895,358.69723017088404,366.9262934148978,10.269401712547335,61.15932665317411,3.4065631996849204,1
4.077920470156396,185.8523263440593,9975.60133394594,10.758464391743033,481.0306423059972,307.87757100128897,9.702581290743012,64.36111582650108,4.78905205310489,1
13.54124023656798,187.6067920088116,13475.912773031614,6.756054797642008,303.2322492687742,411.2644649895598,15.142667441805711,74.44855889602744,3.52919095680354,0
4.016007599127949,176.38665123199058,26003.16326545588,7.809251156233216,358.4297742923782,336.142004500941,14.447961269745122,90.22484434286022,4.410673878237046,0
6.357166719993876,191.13551196917277,14782.804221441487,6.154447915075089,305.10503554973286,527.9326363981594,18.863094355771068,69.6263249929547,5.222077291311566,0
5.110605468263822,231.30512674597168,15629.762334635085,7.018066792615917,297.748867080222,406.3404245381011,11.835535139284955,49.67969602868945,4.464243686429189,0
8.339436756896689,175.59674225726096,12629.853049233752,6.976313538906217,287.6688714859537,452.3375200261596,17.528839479028647,101.8513931339313,4.133696121710745,0
6.276956510097866,178.26391066045986,25590.680244191728,6.748702483360082,297.3433337337284,445.1861329946232,8.567973067280377,70.76553238808215,3.214286497191318,0
10.94747263615245,146.88303822198975,27671.52260010992,7.279137186471621,129.00000000000003,376.9038205163984,17.34650421485094,85.29292464505922,3.112317481644133,0
7.578014307935787,204.7304825406997,19944.57311160331,6.192652936198879,285.9334638717512,517.4830565730041,13.975825718961858,54.63770469436776,3.503818511432529,0
2.448084407581531,206.03629460945027,8667.720239089313,6.329952095601373,353.52938148613,599.5460191383654,21.118938477808623,55.932324254935104,4.128746146713473,0
8.618653849249895,257.5958830185617,11595.35498487888,6.399933250306357,129.00000000000003,343.7400071993143,15.33116645974303,75.68740059969502,4.141341848770995,0
8.460963963587503,236.83178068661203,13158.848362486711,5.478275704293273,397.2976584770519,547.9116799321619,16.74146279065951,74.25154425158111,4.728493823388889,0
4.004248332658408,210.48600879793057,32821.850090980595,6.868438407119929,420.02942136989105,354.439531283324,14.50405771304321,58.51408231002735,4.445946435865923,0
3.795132905042617,178.43291954529747,27179.404819722284,6.481018907833646,270.09684697657025,365.4916791554963,12.35003809198878,73.80957685478752,3.1850831676181475,0
8.107454237658958,184.6883949867021,20857.90821926595,6.462945841294296,322.6805823936887,395.78562300499647,18.4437863688446,66.24269937786539,3.776099720401672,0
9.178569469584957,220.89270497366263,7460.247260338701,4.987537147081148,294.1517904481219,320.3547808944436,13.11436462525984,40.61290900390388,4.266869045131157,0
10.851860346886728,166.7419492964931,12887.193762055927,7.701931717372632,129.00000000000003,589.6281054893342,15.786496735951516,93.21775699041457,4.345012724758552,0
9.004352169514855,222.4897832194207,16544.82750374654,6.12409517358475,338.98083583809944,411.1936210517867,16.036914249606525,67.26466878240925,3.5278934709486345,0
6.9174816301898225,161.57888859915607,11582.46258427429,6.7204732785678205,129.00000000000003,393.8377507241946,11.319488368755117,78.89851507453062,4.374332547150972,0
3.2616697873910208,190.9573550382376,28760.00684408382,7.929539481586618,223.75772922276025,424.2128100944347,13.372625122848149,58.09555464120218,4.280669331366605,0
13.999999999999998,239.75792881016525,12318.403885882264,6.407733064426791,259.1221313561398,481.97993436874464,14.66944772352781,78.80137124087906,4.742163225987996,0
7.928831288871604,231.25221583823128,17444.814449921712,6.291798026684461,361.7745322547664,389.0056782191031,13.879724489446517,95.5530547696418,3.413572942692293,0
3.923473633078401,227.70553814458864,24200.353482392493,7.000875427048215,230.6670628470251,292.390155079548,19.39433470472602,61.78567897636746,4.582982365865108,0
1.9974391197658634,193.4622065683334,13852.531903215133,7.145701659250834,358.9565650059465,480.310714248869,10.25603585968804,89.02789905444496,3.6732395577842394,0
8.091812332148193,200.97330149823853,26472.69180287761,6.725680183680906,302.4632371556594,432.1899313966691,13.79865513470338,32.66707798961951,4.370031238360665,0
0.975577989772022,221.20411425336272,31145.11073871464,7.6155833766556285,333.6778429254695,439.1127646925047,21.145954462369048,80.72614977547194,2.533996269917253,0
12.874429278016688,200.66192543396045,29513.804859552896,7.966300205223671,347.5414185342514,476.20158511042473,19.95005383484244,55.35420956407583,3.027946496632832,0
9.978397215595008,178.0804422985554,35044.371280297135,7.760027275505321,357.0828184487795,381.645130872058,17.551381784903924,71.11118160577068,3.761633184058843,0
6.227841921598111,183.3090479533006,38976.0352139622,8.247332931827263,222.7827042027493,531.6307209972657,15.84784937430669,46.64358918073119,4.599573326595357,0
6.798097459929966,198.11638077235676,35883.78011032254,7.051813574611174,268.8928698637487,470.4935448476128,10.888638899272792,58.47380387821696,3.571622599227372,0
10.700629831820295,183.5211070261417,20461.252710219946,7.333212177578906,333.1194758732444,356.3690224100897,20.179028868493845,67.01990322225635,4.886633785371213,0
5.67933046540694,182.14526646251625,17909.115625700586,7.538592130297941,481.0306423059972,546.8951435157636,15.21935477226043,81.5555973961715,3.292071094767518,0
8.605374455470146,217.04312753358568,22970.957278860453,7.409956812957436,290.16120733146965,264.6994734696039,16.692945826142704,46.50165844599797,3.665323340605604,0
7.1595066038161335,162.97855973703514,26281.29781212906,8.52367057619763,369.86267151850336,403.6000242988084,12.388244333581383,50.68965761781198,5.185641934752974,0
12.323765578619023,202.6143722856155,31606.34882629806,6.464581173377723,343.03693448433665,380.9746722788243,13.460448938133084,67.05911849667386,4.775120946563509,0
3.9852407778907315,185.1219960052186,16110.18364335346,6.444434946636011,355.5673662722738,386.5085992841989,11.215654020572629,38.041515832421055,2.840893065983159,0
3.438217528097806,155.31756160445605,22911.614485971444,8.315815914996225,409.5863729956303,424.7796636296518,16.29322888740245,84.89241758552087,4.825701798028204,0
4.570854412606884,194.9679452396205,44260.19117940517,8.030451669296072,408.14043926539296,460.7790583154997,17.942185042252106,79.0082720110365,4.484185987055187,0
9.077220502585503,171.16664639773518,20412.283907780704,6.896318014623255,367.1895141663502,354.2703448184502,16.403175242530438,63.2579071435956,3.9789326559790976,0
10.933110723500878,162.4249184717197,18846.634913196507,7.085260755848939,268.4219576688458,593.7257640524164,14.977233245343484,60.69057994930928,3.89498862443327,0
7.9484883721691055,197.5945420985787,23602.18783183379,7.098458252650266,181.4491761532435,394.7679885141045,14.876693759461602,78.97422652032716,3.891124346326485,0
13.999999999999998,254.1253887500646,9959.1350153987,4.008584109643412,395.82938040822995,364.8062731549298,11.316645280298758,59.35322110637468,3.170543086971916,0
7.732601708635223,166.9868253472078,18445.74345774687,7.172850869666733,310.7191267020637,453.3856317377736,13.11140152306814,77.2321269958183,3.854993745978746,0
8.75856005645011,174.72868612181793,25564.76756368057,8.070254636949876,129.00000000000003,371.9151708220489,14.94369928304934,47.1855657546484,4.444375641530267,0
13.999999999999998,188.44546948007348,28791.614416229462,8.040356351269018,382.0094766356869,422.23486057105725,10.575690095047603,63.235365039068704,3.228379217091306,0
3.678431807207628,187.4967035632496,23103.410444128804,7.145144825874952,326.29461975867764,350.5404796207255,10.140068301558983,67.45618010905046,4.480108576205011,0
5.143587480040672,180.3826185492308,32740.56466119368,7.988892566309927,328.43743041703715,389.24214752706166,13.94318281997812,0.7379999999999995,3.0961644901713825,0
13.620182961404842,196.0835555125884,18592.08391958237,7.245436362417256,321.81403250426115,552.8790336670374,15.664786169209435,81.08082626336086,4.762871709109083,0
4.8699221476532095,205.0658790565438,16034.45369903539,7.136008140206206,397.4696780705473,459.29837847720967,19.637892924449037,70.05983474092567,4.858164685873184,0
9.13079589890256,200.0323482662457,28273.603243437527,7.497526376826516,481.0306423059972,453.8735707211663,12.860513918176252,64.17849389212562,3.0257073692803504,0
4.618850846633238,199.3189129125452,27174.68763756465,7.2185878551826255,371.0568606330706,312.2813818387051,14.040786579336554,61.22137166963171,4.322115889209005,0
5.602158585181398,264.57351508085407,29860.275777016297,7.014528281846648,131.06434982807386,530.204760125255,16.030179980745345,29.850948197421545,4.067048744823668,0
7.520518926663479,228.5626114502383,22160.81966223421,7.473798522937219,414.4349323092076,545.1466502467048,16.460633650129182,90.94494369027876,4.227765963772117,0
8.210357972710824,210.22211215667437,22619.239931021333,7.567987740013541,481.0306423059972,361.6143910515657,14.650189687465286,70.36804879948356,3.716663875021242,0
9.901930594363924,206.74646923922108,13180.677800723712,5.878834626293839,359.1477827778831,426.5348074742217,14.321873739074704,75.4087541254813,4.226949553930562,0
6.029988264916053,191.2586554129844,14064.899154832416,7.036949296843435,361.1549510894291,399.8386617026264,10.845263529339206,35.58299178321919,3.732339331231006,0
9.405875050804864,149.30829657309582,27180.057189222098,7.867309470788526,129.00000000000003,398.8062463827533,17.364706411850875,57.96263689945391,4.033733317238236,0
13.999999999999998,215.43191943883585,19909.938849114144,6.902628164684116,299.08641790230433,371.4829106557067,10.766349203052188,85.2671816033829,4.59253797924015,0
0.0,214.84614399470732,49456.5871084231,7.897539036774782,423.75483551443114,583.4488493097667,7.702328207475318,77.71289111623837,4.928839979650702,0
8.398261060278296,177.34721366797191,18003.257284633095,7.39092401712103,302.293175091429,498.36537661237526,10.351297829521627,55.71566022856655,2.627862469966988,0
6.227205895931793,200.71720655652783,40581.48680123331,6.759980713834527,263.8764707538205,283.172007740677,14.9153250616626,58.87946652704952,4.008443471887594,0
11.62114013448698,203.73036790881423,15102.237427658583,7.81641497645993,361.72884084630454,447.0452134414225,21.63238464934801,61.80180430648998,3.472067461528145,0
7.270440610033771,196.0517407226027,21919.47016261208,6.730276517344546,359.7013518286503,401.7313382997792,14.219303301729669,77.605726493937,3.954964291727349,0
8.74727152353787,198.7122280342268,30348.24365070316,7.324498246853736,295.2570687263918,333.6392821015578,13.866073474892744,94.72812878030604,4.764707507859535,0
6.988206154718959,144.20953523100556,33357.51586288418,6.771944512116585,331.88552660538016,409.0067884769262,17.88033173967301,54.11178496280427,1.8996830017290975,0
7.869781869538917,184.0661690759395,18608.65629705439,7.411034745446107,435.52354015675405,364.5776034677032,17.58072562779688,0.7379999999999995,4.219575577587189,0
9.565351718759082,184.21824468861465,32328.538264193838,8.381231469207194,287.05088546853574,452.8902973724083,12.167905446211648,79.9378458756982,5.03749221567298,0
6.711814601241559,232.20642839782244,23936.275332312147,6.619087921298853,290.26888473767366,463.51029741803154,13.911878892876471,78.19089708193282,3.41364670316115,0
7.756939183465604,219.57621507293064,16478.071433262532,6.950541221617701,174.930324017157,362.7492199188479,13.054671937044134,82.10099962266007,3.8703388472536906,0
8.4795927987054,200.7656790297213,14901.80814391939,7.379506080364964,237.06714164781573,485.0931670137117,16.806346943813253,53.13417014300742,4.221265968887627,0
6.15573862424869,166.29291954859636,30284.494869139427,8.995896028440464,443.76831002784064,351.6267335114938,17.404753840472438,75.33620666035182,3.68597582848833,0
9.759937780953084,182.75079990042917,19945.368305961947,6.719256583023286,188.27068482724553,343.5969579315956,19.863354235104,85.70256386355253,5.381745881823552,0
8.108350799116819,202.51019413930047,26730.19261296361,8.395129393209157,323.9518054321616,368.4549914437797,17.337091480230242,119.56854490986139,4.7533581835009855,0
8.24309098646176,214.5329901550303,29461.023770200525,8.315129593993294,481.0306423059972,514.4900120422469,16.301765199882368,90.07590857566711,3.5507168314887294,0
8.701315082996967,209.53169733192868,44982.73415473764,8.898023977582804,222.05359993389433,349.38523535374304,15.653298701189785,112.63485171680571,3.832478702926656,0
8.519639042501984,190.9949573776115,14578.96131141724,6.60269349542669,378.91654880168096,498.5335778272165,11.316601395800546,57.18158786191351,3.4272514067406243,0
7.89680596601831,169.54741070567766,20004.733627551104,6.43767486900497,270.43334802664987,349.86503636736944,11.332517654853916,41.70376599451149,3.882003963008942,0
5.958955088064139,223.37668380202143,20992.28167736533,7.760408060997079,340.3657548885643,332.4879934062864,18.085384538557832,61.01645543470445,4.64778224578437,0
4.1447577176415535,193.09126005208208,17777.100086110448,6.087949054255588,209.48968471787305,543.1149525312113,10.717588217980335,0.7379999999999995,3.878664155467921,0
8.552993664768604,199.59978435801315,10452.724414318913,6.587933453781061,287.81119927175666,316.2575133838311,23.042375631311245,45.25371470931269,3.108673907255499,0
13.999999999999998,216.2379750148496,20886.786562734203,7.326370088572682,303.49867186042536,269.8175391182222,15.252780400349536,104.68255316175272,3.860347610223498,0
3.369236848462319,205.23363448310545,21829.27314846263,6.677057058644299,331.67464974935143,338.5677576666739,15.566655050606188,56.6086789870826,2.5456313453594457,0
6.588207965322447,179.699151482952,35263.61239925808,7.445343062498885,165.41172904531078,527.449342027736,16.149315171152125,81.50346990743404,3.972255856460901,0
7.207538608272426,174.80516800528736,15796.3996983279,6.954041336732498,268.3378142934378,555.5962106786567,14.171164146051638,60.53126977894993,4.295189193307992,0
11.39054310956363,145.34193656349512,16175.22194412561,6.613864679018856,311.62098521835094,553.4889233335263,12.091189308804816,69.73623074727017,2.2773586319376298,0
3.1387389085246142,199.3830906389212,5576.628297064725,4.998843662158771,341.0883416259164,388.2492992614705,10.745154263317945,50.74747360181868,3.216414002404394,0
6.580043295312247,220.575466415346,27668.4857194752,6.198069013423888,374.8631083701392,474.6276911318629,11.47022614854052,53.50804291517807,4.756446279122354,0
12.611036509179266,184.614847643805,22289.727086089424,7.167404798884858,392.4621987043338,409.4909989233753,12.21558820095703,63.90425570636129,3.351766902910961,0
4.032060533561112,200.06797277285767,14720.544828979062,6.4826786124002345,152.61639748283304,519.2133703660545,16.600777163013504,77.2939404960377,4.8142350960663,0
7.664628096551665,150.6672096648113,33918.04082347813,8.74629542154002,406.4761192954583,436.3356220967888,15.21692954481125,70.48517296912812,3.4874068798248765,0
7.8206404443943764,233.99317189415805,27197.3024410022,7.29745250363261,301.84878612891976,490.7661905591799,16.022780228681597,58.52466717651293,3.1983438599807616,0
6.300755509276121,179.45279245637445,25668.198954461957,8.931530795516178,341.4930241478503,458.83540577966994,14.062955946663408,39.22628947027117,5.708111882566888,0
6.920799599365547,218.0986115912776,13477.381585615329,5.659837138345091,481.0306423059972,302.4123743213301,11.054578085761875,61.93377908786759,4.915733469336812,0
4.872623386244773,208.931457645234,16429.907902459956,5.873277067660431,310.98563367595887,364.9194924218992,17.801564959305495,107.30634311484064,4.454964342104219,0
13.999999999999998,156.77318079614545,23084.066584967768,7.269794984577688,334.9560998008146,378.2538694501863,19.247141172980605,81.57155401918155,5.564901543179248,0
3.3376289979634506,216.25708651504152,42310.82749816953,8.130663285052764,263.79448452316916,352.26407394793955,14.0296727368069,52.76096070101492,3.3001918826882606,0
13.999999999999998,192.4078763659808,25460.3007927854,8.23147460968343,196.26145201363255,465.88395466644624,16.657294027037324,58.360124909843336,3.543696299058859,0
8.76176840475976,212.42695183704657,14168.924869029612,6.385732629514457,129.00000000000003,488.5995473883909,12.601801205815434,60.23707330742579,4.673547854912695,0
6.616730690411597,195.0969675273444,34277.760399691986,7.632638507090468,396.03207292235703,417.4650801708633,13.43255667145121,47.94593618133298,3.622379241574248,0
7.734569203344947,230.91950587872435,21776.594455022525,6.908590909878645,265.36067431860306,395.1149612095268,15.033557202270345,92.69736884495764,3.821455974564911,0
5.274185389589794,227.34018598422625,17605.535759032802,6.326979503447313,358.589902963265,489.4345906195336,11.199190929652048,20.933517488525965,4.364426391731812,1
6.733266882930834,191.3056273822501,6193.330562324434,7.739771030367339,371.3273945406926,424.6668217064328,20.81134247599164,98.36782477531796,3.765693648104585,1
2.972773484586497,258.4472651656338,25498.329539880902,4.92216687925756,341.0395800188736,425.7970193068897,18.993663252019417,67.40067335298797,3.691946509639444,1
12.547120438151762,232.943238340234,8729.096217461693,5.885992173631767,481.0306423059972,400.5176611909556,8.772738387421612,69.72391202595443,3.399725616068605,1
6.103731304612343,184.32869274587483,17977.52564891564,7.2755305858207535,481.0306423059972,334.94973918912626,7.655381321204231,59.00066631654663,3.383048919634983,1
2.9749282746696086,215.94069522805705,10171.710103327809,6.622284288215922,465.3408519945433,378.3175326624119,13.190817815116532,82.78535241247388,3.757799099489597,1
6.8506254182690025,232.93119602419344,15338.0616411657,6.142617971325285,288.8069986330655,438.3473270723619,18.14859493849417,81.55160971304564,2.593833679642705,1
8.236567782807304,240.6115166509441,20006.22910887966,4.907299307429319,379.75859394933474,327.3055580292028,13.2858383815082,83.18441418933719,3.4531255004247314,1
13.999999999999998,242.82758823909356,29298.07426157908,5.853839988244764,340.34864524416366,463.1151743023253,5.426649934563386,47.905275826958345,3.5225861734964283,1
10.503786538570878,125.97518527479444,38605.33153004213,8.710552503456238,231.25061472506553,674.4434758802673,9.71421973743594,51.69789379904905,5.370457701027556,1
13.999999999999998,214.5936848829916,22038.51162084492,6.19962761036146,294.24139203227435,332.4725420271164,18.469528166072905,46.04628651587072,4.238535197148056,1
6.563356596837224,241.28632308244363,56320.586979158514,5.36555757971842,177.71095008513413,415.8172189138516,11.651929332316117,70.63764831162115,5.2929501812464,1
7.647871554133575,160.77435344616492,29000.589711925488,7.217409339005042,272.9190263054454,438.8009607469559,13.18250056650038,67.09996942968077,3.0786727238215774,1
3.3358798185505174,139.16974356873496,33784.82622980125,9.640520475248032,275.3319596291253,499.4281331505026,13.664485342268506,70.36836372182748,4.678745035353083,1
8.182103306174486,186.67049593504552,19642.394421052297,7.715135716723479,394.64768447941447,370.3213952045733,11.521596685837835,55.49388160466937,4.605237762146883,1
8.713482927093239,169.57852620148634,23838.817261442717,8.162687601962327,129.00000000000003,478.98301854797273,14.520903562989416,63.94526992939281,2.9221949791917066,1
8.379512703256566,164.1681664458238,24409.096794771765,8.199017231677784,369.6532788036921,430.23892060778087,19.34998174851887,63.105234273754526,3.749818066435525,1
7.487573363881187,149.76874387954172,28837.33040127911,8.560974485266396,392.53927907561604,531.1809978519148,9.536536617070963,57.94947599610792,1.8013269989752103,1
6.283318586962638,228.52483859423225,11601.642382347663,6.322219151813606,387.9150512290707,414.7844424787312,11.67967581507952,88.34594023279378,4.153989991461673,1
6.698153869013519,198.2862683787448,34675.86284541732,6.263601576759601,360.2328340727244,430.935009346552,12.17667833606606,124.0,3.758179651015044,1
8.246919870565435,119.02821548640011,7747.577263386112,9.12422522149445,442.1431942023228,579.2476735847932,13.00122856266978,72.80373390612665,4.09661966700433,1
6.646067269769524,197.22206643605605,16863.4387250849,6.793929249075523,200.4944570119107,505.2959223501108,16.71236682474739,45.66041777842954,3.0539831208747548,1
7.16447829539951,213.0024411117785,32751.928962729904,6.292148346850519,179.44792123772356,490.9331209497434,12.683766620009692,58.25261283212678,4.998203434951813,1
6.110022205951552,234.8009569625044,16663.53907369506,5.984536126094182,348.05521141913346,437.8921147266864,10.059522924967666,0.7379999999999995,2.817780458184422,1
8.316663722070082,110.9035977471642,24814.48580511025,9.489565661316872,317.37506360082944,480.4723058790679,14.271246650588694,77.85449933820317,2.695799697002897,1
13.999999999999998,184.99369843857363,14875.956507959403,7.498210127119585,367.3265855889259,435.6030009092452,19.839907380872774,75.19948188877473,1.922376882636882,1
9.004680613392885,173.7393301287329,28311.29184221085,8.4750833706704,480.25401033045256,531.5214444396339,12.838812819947409,37.76479827767255,3.7750149839256855,1
6.886512603355119,211.45441737454092,35018.32560002627,6.067596893120425,404.54074929339174,549.9970577707754,8.445127066272846,27.663173782690716,3.5997564926270806,1
9.293621613337674,193.0617225141936,50166.53332259415,6.301884151771911,481.0306423059972,365.4392022941725,14.22591746328584,98.6254571436827,3.661882213528828,1
7.497987814888167,185.81028084371616,30927.394282089237,7.579377344948867,295.89133149084887,476.3871494173559,15.124286454150251,72.92842077418564,5.738991024993494,1
5.412119544524241,272.5146851629753,2835.3031650451026,5.778010262940148,296.7507229685491,347.80441586791386,15.30774609448804,66.66147887039327,5.680346586753336,1
0.46054428648603624,209.1499888474147,27030.7549992564,6.093750444781652,350.0603473919764,407.910645101354,11.046946146678865,81.75785132428712,3.9931257417734862,1
4.73132007599374,230.93869346540907,15517.39112222867,6.614705131814585,433.30524285242234,384.80673025189407,16.620932987040874,64.03825998166424,5.457892224487644,1
6.81019972286645,257.2354326958558,28149.052685047413,5.994556023304455,336.062445716466,551.8500902336942,14.252898369549598,68.40383309732931,2.674040012344625,1
0.0,98.3679148956603,28415.57583214058,10.55894999846796,296.843207792478,505.24026927891407,12.882614472289331,85.32995534051292,4.119087300328971,1
6.417716046874316,209.702425225232,31974.48163131993,7.263425259222342,321.3821240402445,289.45011830901416,11.36907107055248,124.0,4.210327061428602,1
6.170526139416932,193.3355173522786,16206.219671450232,7.123966499337674,129.00000000000003,528.0960907188495,20.5322774847769,75.06770623495355,3.652207496311435,1
4.03406341143777,303.7026267264731,33219.0745454325,4.425559304367553,434.7615522872991,494.3209070841117,13.415230462777174,72.01264198602534,5.024742306559979,1
4.979468811483327,240.8134745868378,24167.84288181644,5.593830420301607,301.45308707540784,398.0289609378135,6.091226588480367,62.419529289106805,3.43902165089796,1
8.097453770731768,218.9924361418924,18112.28444651079,6.196947393934283,481.0306423059972,376.5698033733333,17.7462635237124,59.909940872345686,4.279082403805938,1
6.156293368489446,198.2186998533857,31081.73526431089,7.419106404248648,219.77356875171824,517.9259456786259,11.71141931151874,85.42878497035124,3.345543355479072,1
7.870853412371953,210.6278246171795,51731.82055324112,6.190963367366345,219.9803867318572,533.2912622243467,15.029899096631766,84.33505807414915,4.221613951476428,1
1.2059923241847705,203.2046589693207,10643.18677052104,6.828936370115563,129.00000000000003,384.5977112364185,16.011328389346602,72.91157307712426,3.0659103715095384,1
7.058094078556103,225.75410943088207,28194.452646493937,5.892829994314714,366.2015834276569,418.27290097063786,17.306831709032622,103.91254761322872,3.855894987146472,1
4.767472454756443,256.4499171522,48007.86813432282,5.773179853362954,381.04019392670585,590.4295504375845,16.541560981643443,44.93858575390273,3.893377807689793,1
9.186453377063309,169.1198051240283,27055.69626088422,7.442479684166754,481.0306423059972,498.6353223340039,10.247444234540184,50.40116028899717,3.4538614564722643,1
6.10230679390867,205.99903803832532,23406.859160145526,8.061863549367494,181.1455068638055,380.305004711283,15.492396962752878,69.11081537171168,4.280766477746642,1
1.5028341226143678,188.53660845841853,24711.41492737806,7.129520268469129,403.66110479564037,555.5485339351901,16.959268901127814,56.03870185281002,4.3316909034515,1
8.628301074066663,185.9267230581658,31548.00646369594,7.079462297434495,283.5140127857656,342.35569745032865,18.248367893304533,62.188687054721896,5.1008578541361445,1
4.86882713540531,258.6789588378244,13400.385532064543,4.8809103387274,430.3284982502977,328.76452943351427,17.352080412554358,55.9682167013825,3.2556001735668643,1
6.638411449233408,180.8266674369293,9772.504814179669,8.295983092416883,131.283610149082,401.1111433997851,12.601517331439425,61.05188924791957,5.164056620303689,1
9.271355446767778,181.25961724022244,16540.97904800414,7.022499178514222,309.2388651146156,487.69278784471584,13.228440998934786,124.0,4.333952897530932,1
1.0887289853318576,134.73685568990112,9000.025591189238,9.026292722975022,395.8581899493127,428.21398699299374,8.668672182023442,74.7733924065712,3.699558048485045,1
8.37291028476714,169.08705216090655,14622.745494434115,7.54798401839384,475.1571459395665,464.52555235732217,11.083026574437897,38.435150778704525,4.906358241363542,1
7.808856017557415,193.55321164822675,17329.802160103376,8.061361987849569,481.0306423059972,392.4495795653845,19.90322518345954,0.7379999999999995,2.7982428424180505,1
9.41951031641321,175.76264629629543,33155.578218312294,7.350233233214412,405.04557054746255,432.0447830453679,11.039069688154314,69.84540029205144,3.298875498646556,1
5.126762923351532,230.60375750846123,11983.869376336364,6.303356534249105,481.0306423059972,402.883113121781,11.1689462210565,77.48821310275477,4.708658467526655,1
7.874671357791283,195.10229858610904,17404.17706105066,7.509305856927908,481.0306423059972,327.4597604610721,16.140367626166324,78.69844632549504,2.309149056634923,1
